1 0.001953
1 0.000000
2 0.157959
4 10.233887
3 1.518066
6 2.263916
5 0.000977
1 0.002197
3 1.853027
2 0.130127
6 2.143066
3 1.830078
5 0.001221
5 0.001221
2 0.207031
6 2.153076
6 1.260010
5 0.000977
2 0.140869
4 10.185059
6 2.196045
1 0.002197
3 1.574951
3 1.536865
3 1.405029
5 0.001953
1 0.000977
4 10.238037
1 0.001953
1 0.000000
4 10.222900
5 0.001221
4 10.117920
3 1.393799
4 10.299072
5 0.001221
2 0.139893
4 10.236084
3 1.543945
6 2.453857
3 1.833984
4 10.221191
7 15.466797
1 0.005859
2 0.136963
4 10.234131
6 2.333984
6 1.071045
2 0.140137
6 1.945068
2 0.130859
1 0.000977
2 0.132080
6 3.478027
3 1.617920
5 0.000000
4 55.904053
5 0.000000
6 1.336914
3 1.671875
4 10.250977
6 1.289062
6 1.104980
3 1.442871
5 0.000000
1 0.003174
6 1.334961
4 13.362061
5 0.000977
1 0.000977
6 3.832031
3 1.442139
7 5.887207
4 10.127930
2 0.078125
5 0.000000
2 0.063965
2 0.060791
6 2.543945
2 0.093994
4 10.103027
2 0.116943
5 0.000000
6 2.626221
5 0.000977
3 1.431885
4 10.223145
2 0.144043
2 0.172119
3 1.447998
1 0.001953
1 0.057861
5 0.000977
3 1.497070
2 0.124023
4 61.355957
4 10.286865
3 7.975098
6 3.342041
1 0.004150
2 0.244141
3 1.753174
2 0.184082
2 0.118896
2 0.132080
3 1.374023
2 0.175049
5 0.000000
5 0.000977
3 0.996826
1 0.000977
3 1.024902
7 6.579834
5 0.000977
3 1.024170
2 0.100098
5 0.000000
6 3.434082
5 0.000977
1 0.001953
1 0.000000
4 10.287842
3 1.525879
2 0.206055
1 0.000977
3 1.412109
2 0.183838
1 0.000000
3 1.475098
4 10.175049
1 0.001953
2 0.148926
5 0.000000
3 1.397949
2 0.261230
5 0.000977
1 0.000000
5 0.000977
3 1.388916
2 0.192871
4 10.234863
5 0.000977
6 4.741943
1 0.000977
4 54.510010
7 14.849854
2 0.143799
6 2.020020
3 1.932861
4 10.229980
1 0.004883
2 0.139893
2 0.229004
4 10.093994
5 0.000977
4 10.094971
3 1.587158
3 1.729980
1 0.000977
5 0.000000
4 10.166016
1 0.001953
5 0.000977
1 0.000977
4 10.094971
6 2.861084
5 0.000977
6 1.239014
2 0.220947
6 1.922119
2 0.136963
2 0.121826
2 0.129883
2 0.436035
5 0.000977
2 0.122070
1 0.000977
5 0.000000
4 10.155029
5 0.000977
2 0.144043
5 0.000000
2 0.123047
2 0.146973
5 0.000000
3 1.711914
5 0.000000
4 10.269043
6 5.605957
5 0.000977
4 10.272949
1 0.001953
6 1.122070
5 0.075195
1 0.002197
1 0.000977
3 1.392090
4 10.269043
3 1.490967
4 10.233887
5 0.000977
6 1.427979
3 1.517090
1 0.000977
1 0.000977
4 10.264893
6 1.413086
5 0.000977
5 0.000000
6 1.087158
5 0.000977
2 0.143066
2 0.143066
5 0.000000
1 0.001953
7 5.217041
2 0.142822
1 0.002930
5 0.000977
2 0.124023
2 0.121094
2 0.120117
1 0.000000
5 0.000977
2 0.121094
6 5.677979
2 0.143066
3 2.280029
4 10.167969
5 0.000000
3 11.782959
3 1.441895
1 0.000977
3 1.350098
4 10.298828
5 0.000977
6 2.481934
6 1.072998
2 0.161133
3 1.460938
4 10.103027
2 0.143066
6 2.737061
2 0.341064
6 2.405029
6 1.076172
5 0.001221
1 0.000977
5 0.000000
4 10.084961
3 1.147949
4 17.763184
5 0.000977
1 0.001221
1 0.000977
3 0.791992
1 0.000000
6 1.288086
4 10.073975
6 1.064941
5 0.000000
2 0.072021
2 0.046875
6 1.653076
7 9.479980
3 0.491211
1 0.002930
2 0.051025
2 0.051025
5 0.000000
3 0.468018
6 1.620850
6 1.134033
5 0.001221
5 0.000000
1 0.000977
3 0.524902
6 1.096191
3 0.479004
2 0.050049
2 0.039062
3 0.487061
6 1.625977
5 0.000000
1 0.000000
6 1.055176
6 1.060059
1 0.000977
1 0.000000
4 10.059082
4 10.060059
1 0.000000
3 0.489990
1 0.000000
6 1.110840
5 0.000000
2 0.046875
2 0.039062
3 0.481934
6 1.656982
5 0.000977
4 10.059082
4 10.058105
4 10.063965
4 10.309814
2 0.051025
3 0.519043
5 0.000977
2 0.063965
4 10.323975
6 1.604980
3 0.498047
6 1.093018
6 1.112061
2 0.054932
1 0.000977
3 0.544189
3 0.490967
1 0.000000
1 0.000000
4 10.078125
6 1.570068
5 0.000977
3 0.538086
2 0.080078
4 10.123047
6 1.619141
6 1.081055
3 1.020020
5 0.000977
6 1.235840
5 0.000977
4 10.152100
5 0.000977
2 0.088867
1 0.000977
6 1.840820
1 0.002197
1 0.000000
2 0.090088
7 5.000000
2 0.089844
5 0.000977
5 0.000000
2 0.072998
3 0.999023
6 2.583984
1 0.000977
3 1.031982
5 0.000000
4 10.098145
1 0.001953
2 0.090088
6 1.807861
6 1.111084
3 0.888184
2 0.177002
4 10.083008
3 0.902100
3 0.881104
4 10.100098
4 10.099854
2 0.091064
2 0.109131
3 0.888916
4 10.284912
5 0.000000
1 0.000977
6 2.565918
1 0.000977
2 0.312012
5 0.000000
1 0.000000
2 0.171143
6 1.938965
6 1.069824
3 1.115967
6 1.279053
4 10.194092
6 1.115967
1 0.001221
1 0.000977
6 1.087891
5 0.000977
4 10.254883
4 10.287842
7 15.312012
1 0.001953
3 15.067871
5 0.000977
4 10.104980
1 0.000977
3 0.867188
5 0.000000
6 1.537109
1 0.001953
2 0.103027
1 0.000000
5 0.000000
3 0.959961
3 0.874023
6 1.910156
3 1.131104
1 0.000977
3 0.878174
5 0.000977
3 0.834961
3 0.822021
4 10.282959
1 0.000977
4 10.120117
5 0.000977
1 0.000977
2 0.089111
1 0.000977
3 0.968018
4 10.084961
2 0.090820
5 0.000977
2 0.072998
1 0.000977
3 1.031006
1 0.000977
6 2.949951
2 0.395996
6 1.509033
3 0.895996
6 1.197021
3 0.964111
3 0.958008
6 1.262939
1 0.002197
5 0.000000
1 0.000000
1 0.000000
5 0.000977
1 0.000000
5 0.000000
6 1.097900
5 0.000000
6 1.062012
3 0.896973
6 1.211914
5 0.000977
4 10.104980
5 0.000977
1 0.000977
1 0.000000
3 0.925781
3 0.958008
1 0.000977
3 0.996094
4 10.100098
1 0.000977
1 0.000977
4 10.080078
5 0.000000
7 3.691162
1 0.001953
6 1.502930
1 0.001953
3 1.744141
2 0.129150
6 2.479004
6 1.091064
5 0.000977
2 0.139160
6 2.138916
6 1.075928
5 0.000977
3 1.738037
1 0.001953
6 1.302002
3 1.671875
4 10.111084
3 1.532959
2 0.128906
2 0.118164
5 0.000000
3 1.471924
3 1.582031
4 55.236816
6 1.875977
4 10.141113
3 0.510986
1 0.000977
2 0.045898
1 0.000000
4 10.091064
7 12.548828
3 0.554932
3 0.543213
1 0.000000
4 10.093994
1 0.001953
1 0.000000
5 0.005859
4 10.283203
5 0.000977
3 1.456055
2 0.176025
6 3.090820
2 0.250000
5 0.000000
5 0.000000
6 1.985107
2 0.146973
1 0.001953
2 0.116943
4 10.184814
6 2.700195
5 0.000977
1 0.001953
5 0.000000
3 1.792969
2 0.195068
4 10.107910
3 1.510010
2 0.210938
1 0.000977
3 1.373047
4 10.244873
4 10.292969
5 0.000977
5 0.000000
4 10.157959
4 10.117920
4 10.233154
1 0.005859
2 0.174805
6 3.386963
1 0.000977
4 10.094971
4 10.095947
1 0.001953
3 18.577881
5 0.000977
2 0.199951
7 13.575928
1 0.001953
2 0.136963
1 0.000977
5 0.000977
5 0.000000
5 0.000000
6 2.705078
3 1.537842
4 10.099854
3 1.424805
4 10.094971
2 0.181152
1 0.001953
3 1.430176
1 0.000000
3 1.680908
6 2.479980
3 1.811035
2 0.129150
4 10.218018
4 10.233154
4 10.120850
1 0.001953
4 10.119141
4 10.120117
6 2.218994
3 1.625000
4 10.220947
6 1.357178
7 5.135010
5 0.000977
5 0.000000
5 0.000000
6 1.103027
4 10.226074
6 1.243896
6 1.154053
3 1.398926
4 10.267822
4 10.164795
6 1.343018
3 1.507080
3 1.354980
5 0.000977
6 1.545898
3 1.521973
5 0.000000
5 0.000000
6 1.560059
6 1.093018
3 1.492920
4 10.263916
4 10.133057
5 0.000000
6 1.372070
4 10.227051
2 0.138916
5 0.000977
6 2.023926
1 0.006104
4 10.131104
6 1.518066
4 10.260986
7 16.272949
1 0.002197
6 1.108887
1 0.001953
2 0.138916
6 2.105957
2 0.396973
3 1.568848
1 0.001953
2 0.171143
6 2.718994
1 0.001953
4 10.209961
5 0.000977
6 1.115967
2 0.139893
5 0.000977
4 10.093994
5 0.000977
1 0.000977
4 10.097168
3 1.719971
3 1.597900
5 0.000977
1 0.000977
4 10.160156
1 0.001953
4 10.093994
6 2.444092
3 8.870117
6 1.381836
6 1.157959
1 0.000977
4 16.648926
5 0.001221
6 1.551025
6 1.081055
5 0.000977
5 0.000977
3 1.608887
4 10.081055
4 10.094971
4 10.252930
1 0.004883
5 0.000977
5 0.000977
3 1.446045
6 1.450928
5 0.000977
3 1.678223
1 0.000977
1 0.000977
5 0.000000
2 0.128906
1 0.000000
5 0.000977
1 0.000977
3 1.411133
7 14.227051
4 10.112793
3 1.459961
3 1.343018
4 10.119873
5 0.000000
6 2.500977
1 0.001953
5 0.000977
2 0.324951
5 0.000000
6 2.063965
1 0.001953
6 1.072998
2 0.159180
4 10.122070
3 1.452148
3 1.433105
6 2.253174
4 10.103027
5 0.000977
4 10.109863
6 1.214111
3 1.528076
3 1.354004
6 1.412842
3 1.603027
5 0.000000
6 1.297119
1 0.002197
6 1.103027
6 1.101074
2 0.151123
5 0.000000
1 0.001953
6 1.998047
6 1.072021
6 1.218018
5 0.000977
5 0.000977
6 1.157959
5 0.000977
5 0.000000
6 1.118896
3 1.502197
1 0.000977
6 1.310059
3 1.553955
4 10.259033
1 0.001953
2 0.138916
3 1.487061
4 10.265869
1 0.000977
4 10.122070
7 15.341064
5 0.000977
4 10.120117
3 1.437012
5 0.000000
3 1.404053
3 1.361084
4 10.166992
4 10.242920
1 0.005127
1 0.000000
2 0.135986
2 0.116943
4 10.272949
1 0.000977
2 0.140137
6 3.678955
2 0.142090
5 0.000000
1 0.000977
6 1.661133
3 1.796875
1 0.000977
6 1.277832
3 1.423096
2 0.094971
1 0.000977
5 0.000000
5 0.000000
3 1.099121
2 0.170166
2 0.083984
6 2.427002
6 1.065918
1 0.000977
6 1.069092
2 0.101807
2 0.083984
2 0.083984
1 0.000977
1 0.000000
4 10.161865
4 10.169922
3 1.661133
2 0.255127
1 0.002197
2 0.118164
2 0.115967
6 5.655029
3 1.957031
5 0.000977
3 13.948975
5 0.001221
7 14.356934
4 10.119141
4 10.273926
3 1.427002
4 10.120117
3 1.402832
1 0.001953
1 0.000977
5 0.000977
6 1.721924
6 1.144043
6 1.251953
6 1.120117
2 0.145020
3 1.502930
2 0.183105
5 0.000977
4 10.109131
5 0.000977
1 0.000977
1 0.000000
4 10.134033
6 2.779053
2 0.311035
5 0.000000
3 1.499023
6 2.214111
6 1.078125
5 0.000977
1 0.001953
4 10.114990
1 0.000977
4 10.273193
3 1.495850
3 1.425049
1 0.001953
3 1.395996
3 1.371094
2 0.146973
3 1.406006
6 2.420166
2 0.457031
5 0.001221
6 1.942871
3 1.217041
5 0.000977
1 0.000977
4 10.110107
5 0.000977
7 7.919189
3 1.436035
6 1.395020
5 0.000977
1 0.001953
1 0.000977
3 1.468018
4 10.166016
1 0.000977
1 0.000000
4 10.278076
5 0.000000
1 0.002197
6 1.573975
2 0.160889
6 2.146973
4 10.110840
2 0.140869
5 0.000977
4 10.272949
5 0.000977
2 0.172852
4 10.189941
6 2.690186
6 1.071045
3 1.432129
2 0.218994
4 13.201904
3 1.408936
1 0.003174
1 0.000977
5 0.000977
4 10.177979
2 0.090088
6 2.180176
5 0.000977
1 0.000977
6 1.081055
6 1.061035
6 1.057861
4 10.167969
5 0.000000
6 1.225830
7 11.635010
3 1.633057
3 1.500977
3 1.516846
4 10.097900
4 10.190186
6 1.419922
1 0.005127
2 0.135986
3 1.693848
