1 0.002197
4 10.111084
3 1.549072
1 0.001953
1 0.000977
6 1.303223
1 0.002197
6 1.085938
3 1.520996
2 0.156982
5 0.001221
4 10.111084
5 0.000000
6 2.168945
6 1.074951
3 1.487061
6 1.319092
4 10.114014
4 10.201172
2 0.138916
2 0.143799
1 0.000977
2 0.142090
1 0.000977
5 0.000000
6 3.051025
1 0.000977
4 10.096924
6 1.250000
2 0.140137
4 10.102051
4 10.133057
2 0.140137
4 10.264160
1 0.000977
2 0.200195
2 0.141113
4 10.156982
4 10.119141
5 0.000977
3 1.459961
6 3.637939
7 15.698975
5 0.000000
1 0.002197
4 10.111084
5 0.000977
5 0.000000
2 0.159912
1 0.000977
4 10.113037
1 0.001953
5 0.000000
6 2.001953
6 1.073975
5 0.000977
1 0.000977
6 1.254883
1 0.000977
3 1.475830
4 10.109131
6 1.337891
5 0.000977
4 10.109863
3 1.417969
5 0.000000
5 0.000000
5 0.000000
6 1.431885
1 0.000977
1 0.000977
5 0.000977
3 1.509033
3 1.368896
6 1.346924
2 0.152832
3 1.586914
5 0.000000
6 2.083984
3 1.790039
2 0.130859
6 2.028809
3 1.822998
6 1.486084
6 1.083984
3 1.264160
1 0.001953
3 1.213867
1 0.000000
5 0.000977
3 1.309082
1 0.000977
3 1.218018
4 10.310059
1 0.001953
2 0.140869
6 2.436768
1 0.002197
6 1.074219
5 0.000977
3 1.510010
6 1.325928
2 0.154053
4 10.171143
2 0.140869
1 0.000977
4 10.131104
7 10.708008
1 0.000977
6 2.631836
6 1.093018
2 0.142090
5 0.000977
3 1.437988
4 10.108887
1 0.001953
6 2.065186
4 10.100098
6 1.104980
4 10.120117
2 0.168945
2 0.118896
1 0.000977
3 1.427979
2 0.186035
3 5.769043
2 0.147949
2 0.141846
1 0.000977
3 1.416992
1 0.000977
6 5.581055
4 10.194092
2 0.140869
6 1.990967
4 10.303955
1 0.000977
2 0.142090
6 2.059082
5 0.001221
6 1.073975
4 10.109131
5 0.000977
2 0.142090
5 0.000000
4 10.258789
2 0.142822
6 2.708008
5 0.000000
5 0.000000
5 0.000000
2 0.306885
7 15.807129
6 2.054932
6 1.150146
4 10.094971
4 10.139160
6 1.075928
4 10.094971
2 0.142090
1 0.002930
1 0.000977
1 0.001221
1 0.000000
2 0.139893
6 2.716064
6 1.070068
2 0.143066
6 2.094971
1 0.002197
4 10.094971
5 0.000977
5 0.000000
2 0.230957
2 0.137939
1 0.000977
2 0.122070
5 0.000977
6 2.948975
6 1.074951
4 10.110107
1 0.001953
4 10.098145
2 0.089844
3 0.713867
6 1.587891
6 1.074219
4 10.081055
2 0.063965
6 1.699951
5 0.000000
5 0.000000
1 0.000977
6 1.088135
5 0.000977
4 10.103027
5 0.000977
6 1.089844
3 1.549072
4 10.096191
6 1.369141
2 0.156982
3 1.793945
5 0.000977
5 0.000000
5 0.000000
6 2.146973
4 10.110107
6 1.118896
1 0.001953
3 1.409912
1 0.001221
5 0.000977
7 16.790039
5 0.000977
6 1.423828
6 1.087158
5 0.000977
4 10.109131
3 1.401123
6 1.296143
3 1.493896
3 1.380859
4 10.109863
2 0.138184
2 0.147949
6 2.803955
5 0.000977
6 1.083008
4 10.109863
1 0.005127
5 0.000000
1 0.000977
6 1.416992
5 0.000977
6 1.086182
6 1.104004
3 1.534912
6 1.341797
6 1.087158
1 0.001953
6 1.102051
1 0.000977
6 1.104980
2 0.141113
4 10.296143
4 10.114014
1 0.001953
6 1.943848
6 1.074951
6 1.068115
6 1.177002
5 0.000977
6 1.104004
5 0.001221
1 0.001953
2 0.157227
5 0.000000
2 0.123047
1 0.000000
6 2.677002
5 0.000977
5 0.000000
2 0.409180
5 0.000977
2 0.173828
6 2.630859
5 0.000977
4 10.108887
5 0.000000
6 1.105957
3 7.604004
7 14.470947
1 0.001221
4 10.119141
3 1.452881
6 1.385986
2 0.140869
1 0.001953
6 2.496094
1 0.000977
2 0.158203
5 0.000977
6 2.129150
4 10.095947
4 10.112061
2 0.213135
1 0.000977
5 0.000977
6 1.990967
6 1.080078
4 10.097900
5 0.000977
3 1.669922
6 1.352051
5 0.001221
6 1.102051
3 1.583008
1 0.000977
1 0.000000
6 1.265137
3 1.707031
1 0.001953
6 1.261963
5 0.000977
1 0.001221
3 1.696045
6 1.349121
1 0.001953
5 0.000000
3 1.723877
1 0.000000
2 0.205078
1 0.000977
4 10.095947
2 0.141113
5 0.000977
6 2.859131
5 0.000977
1 0.000977
4 10.125977
1 0.001953
6 1.091797
6 1.090088
5 0.000000
2 0.160156
2 0.193115
1 0.002197
3 1.665039
6 2.866943
1 0.001953
6 1.198975
1 0.001953
1 0.000977
5 0.000000
2 0.298828
2 0.125000
3 1.607178
2 0.186035
1 0.000977
5 0.000977
2 0.191162
4 10.093994
4 10.097168
6 4.738037
5 0.000000
2 0.304932
1 0.000977
3 1.732910
3 1.584961
3 1.477051
5 0.000977
6 2.458008
7 15.808105
6 1.104980
1 0.001953
3 1.506836
2 0.142822
1 0.000000
6 2.136963
5 0.000977
5 0.000977
1 0.000977
5 0.000000
6 1.072998
6 1.104004
4 10.250000
4 10.114014
5 0.000000
5 0.000000
5 0.000977
2 0.143066
3 1.421143
3 1.498047
5 0.000977
4 10.122070
4 10.120117
3 1.438965
6 2.404053
2 0.341064
1 0.003174
3 1.490967
6 2.224854
2 0.371094
4 51.770020
5 0.000977
2 0.131104
1 0.001953
4 10.118896
4 10.201904
5 0.000977
4 10.119873
2 0.189941
3 8.839111
7 14.715088
5 0.000977
5 0.000000
5 0.000000
5 0.000000
2 0.083008
6 1.609131
4 10.236084
5 0.001221
2 0.103027
1 0.000977
5 0.000000
3 0.664062
5 0.000000
1 0.000000
6 1.365967
3 0.650879
1 0.002930
4 10.081055
6 1.140869
4 10.086914
1 0.000977
5 0.000000
3 0.616943
1 0.000000
5 0.000000
1 0.000000
4 59.078857
2 0.104980
3 1.367920
6 2.019775
1 0.005127
1 0.000977
1 0.000000
2 0.113037
6 2.291016
5 0.000977
5 0.000000
3 1.256836
2 0.133057
2 0.081055
3 1.148926
7 16.310059
1 0.001953
5 0.000977
1 0.000977
1 0.000977
5 0.000977
1 0.000977
5 0.000000
2 0.138916
3 1.463867
5 0.000000
3 1.463867
2 0.216064
4 10.117188
2 0.138916
3 1.476807
1 0.000977
6 5.540039
5 0.000977
5 0.000977
4 10.238037
2 0.137939
3 1.545898
5 0.000000
3 1.471924
3 1.419922
2 0.118896
1 0.001953
2 0.131104
1 0.000977
1 0.000977
6 3.342041
5 0.000977
5 0.000000
1 0.032959
3 1.768799
5 0.000000
2 0.180176
4 10.102051
3 1.472168
4 10.116943
6 2.244873
2 0.432129
4 10.128906
3 1.479004
2 0.210938
3 1.410889
3 1.954102
4 10.244873
5 0.000977
1 0.004883
3 1.428955
5 0.000000
1 0.001221
3 1.379883
1 0.000000
2 0.229004
4 10.118896
2 0.156006
5 0.000000
6 3.613037
6 1.335938
7 8.937988
2 0.138184
5 0.000977
1 0.001221
2 0.118896
6 2.847168
5 0.001221
4 10.111084
6 1.212891
3 1.468018
3 1.552002
3 1.395020
2 0.125977
2 0.116211
4 10.270996
4 10.118896
4 10.273926
5 0.000977
3 11.985840
3 1.399902
4 10.114014
6 3.109863
6 1.089111
6 1.072021
2 0.138916
4 10.091797
4 10.094971
3 1.827148
7 4.875000
6 2.333984
6 1.090088
3 1.552979
2 0.142090
5 0.000000
4 10.096924
4 10.095215
6 2.105957
5 0.000977
1 0.007080
3 2.098145
5 0.000000
2 0.242920
3 1.669922
2 0.177002
1 0.000977
4 10.096191
3 1.729980
3 1.664795
1 0.001953
4 10.141846
4 10.347168
2 0.155029
6 3.375977
1 0.000977
5 0.000977
3 1.953125
1 0.000977
2 0.194824
1 0.000977
2 0.115967
2 0.111816
1 0.000977
5 0.000000
5 0.000000
4 10.111084
1 0.001953
1 0.000977
3 1.854004
1 0.000977
6 3.102051
2 0.142090
4 10.093994
4 10.096191
5 0.000000
6 2.156982
3 1.989014
6 1.416992
6 1.100098
5 0.000977
3 1.617188
4 10.111084
1 0.001953
7 8.750977
2 0.155029
1 0.002197
4 10.114014
1 0.002930
5 0.000977
4 10.102051
4 10.284912
5 0.000977
2 0.063965
2 0.049072
5 0.000000
3 0.614990
5 0.000000
4 10.283936
4 10.100098
5 0.000000
1 0.000977
3 0.604004
3 0.598145
2 0.055908
4 10.101807
4 10.114990
3 1.479004
1 0.000977
4 53.060059
4 10.120117
7 11.628906
6 4.059082
1 0.003906
3 12.992920
4 10.094971
2 0.231934
4 10.260986
6 2.192871
6 1.074951
5 0.001221
3 1.928955
3 1.562012
4 10.166016
3 1.546875
2 0.131836
1 0.002930
2 0.136230
5 0.000977
6 2.822021
5 0.000977
6 1.220947
6 1.075928
1 0.002197
3 1.769043
4 10.295898
4 10.095215
3 1.793945
4 10.103027
3 0.958008
3 0.903076
2 0.082031
4 10.097168
4 10.077148
6 1.651123
1 0.004150
4 10.076904
7 5.598877
1 0.000977
5 0.000000
5 0.000000
3 0.593018
4 10.280029
5 0.000000
2 0.063965
3 0.584961
6 1.664062
6 1.082764
3 0.624023
1 0.000977
2 0.062988
4 10.093018
6 1.713135
6 1.105957
2 0.074951
4 10.139160
6 1.633057
1 0.001953
1 0.000000
3 0.716064
1 0.000000
2 0.092041
2 0.064941
5 0.000000
5 0.000000
6 1.955078
1 0.001953
4 10.107910
4 10.093018
3 0.591064
4 10.193115
5 0.000977
1 0.000977
4 10.098145
3 0.561035
2 0.062988
1 0.000977
6 1.614990
4 10.093018
3 0.608154
5 0.000000
5 0.000000
1 0.000977
3 0.584961
1 0.000000
2 0.055908
2 0.049072
1 0.000977
6 2.037109
5 0.000977
2 0.074219
3 0.989990
1 0.000977
2 0.083984
1 0.001221
3 0.564941
2 0.061035
7 4.255127
6 1.989014
3 1.197998
4 10.093018
6 1.218018
1 0.000977
2 0.063965
6 1.512939
3 0.675049
3 0.625000
4 10.259033
5 0.000000
3 0.572998
2 0.104980
3 0.568115
1 0.000977
4 10.093018
3 0.574951
5 0.000977
2 0.054932
1 0.000977
1 0.000977
5 0.000000
4 10.176025
4 10.261963
2 0.094971
5 0.000977
5 0.000000
4 10.163818
6 1.939941
3 1.286133
1 0.000977
1 0.000000
5 0.000977
2 0.085938
3 0.546143
2 0.072021
3 0.685059
1 0.000000
5 0.000000
2 0.071045
6 1.711182
4 10.080078
4 10.128174
3 7.083984
5 0.000000
6 1.259033
1 0.000977
7 13.892090
5 0.000000
2 0.105957
2 0.087891
1 0.000977
6 2.468018
1 0.000977
2 0.196045
2 0.175049
1 0.000977
5 0.000000
3 1.304932
2 0.233887
2 0.221924
5 0.000000
5 0.000000
3 0.765137
4 10.080078
1 0.000977
1 0.000000
6 1.960938
5 0.000977
6 1.076904
6 1.076904
2 0.060059
6 1.194824
1 0.000977
6 1.056885
5 0.000977
4 10.079102
1 0.000977
6 1.114014
5 0.000977
3 0.593018
3 0.546143
3 0.530029
1 0.000977
3 0.521973
2 0.059082
5 0.000000
5 0.000000
4 10.091064
1 0.000977
5 0.000000
2 0.059082
2 0.043945
3 0.563965
2 0.073975
4 10.213867
4 10.078857
4 10.075928
3 0.582031
5 0.000000
2 0.073975
4 10.266113
6 2.093994
2 0.060059
5 0.000000
4 10.111084
2 0.060059
3 0.591064
7 4.060059
4 10.120117
1 0.003174
6 1.793945
1 0.000977
4 10.097900
1 0.000977
3 0.536865
4 10.249023
3 0.537109
6 1.432129
4 10.111084
6 1.138916
2 0.088867
6 1.651855
2 0.060059
4 10.162109
5 0.000977
6 1.716797
4 10.115967
5 0.000977
2 0.060059
6 1.684082
2 0.061035
4 10.092041
2 0.059814
6 1.791016
4 10.093018
6 1.097168
3 0.689209
4 10.110107
4 10.167969
2 0.060059
6 1.559082
4 10.082031
1 0.004150
4 10.097900
7 11.699951
4 10.089844
2 0.058838
4 10.118896
4 10.075195
6 1.532959
3 12.731934
1 0.002197
1 0.000000
1 0.000000
6 1.311035
4 10.079102
5 0.000977
4 10.077148
6 1.113037
3 0.550049
4 10.108154
