3 1.421143
5 0.000000
2 0.138916
3 1.427002
3 1.404053
2 0.123047
6 2.693848
6 1.083984
1 0.000977
4 10.208984
4 10.289795
4 10.117920
4 10.246094
4 10.231934
1 0.007080
3 1.488037
1 0.000977
4 10.335205
2 0.135986
3 1.473145
4 10.235107
5 0.000977
6 2.523926
6 1.088135
3 1.416016
2 0.134033
2 0.162109
5 0.000000
2 0.141846
4 10.108887
6 3.246094
5 0.000977
2 0.285889
5 0.000000
7 7.071045
1 0.001953
4 10.111084
2 0.145020
4 10.242920
4 10.096924
6 2.696777
5 0.001221
6 1.073975
4 10.092041
6 1.113037
1 0.000977
1 0.000977
1 0.000000
1 0.000977
4 10.191162
4 10.094971
6 1.281006
1 0.001953
3 1.687012
4 10.135010
6 1.329102
1 0.001953
1 0.001221
2 0.211914
6 5.364014
3 1.427979
1 0.000977
5 0.000000
5 0.000000
4 10.173096
3 0.846924
6 1.350098
7 4.528809
3 0.851074
2 0.081055
2 0.072998
4 10.175049
6 1.950928
1 0.002197
1 0.000000
4 10.220947
5 0.000977
5 0.000977
4 10.226074
4 10.238037
4 10.197998
3 1.415039
1 0.000977
4 10.232910
5 0.000977
5 0.000977
4 10.197998
5 0.001221
1 0.000977
1 0.001221
1 0.000000
6 1.405029
2 0.139893
5 0.000977
5 0.000000
4 10.268066
1 0.002930
2 0.143066
3 18.713867
3 1.393066
7 12.791992
1 0.001953
3 1.375000
5 0.000000
4 10.235107
4 10.224854
6 2.797852
3 1.582031
5 0.000977
4 10.222900
4 10.267822
5 0.000000
1 0.000977
6 1.409180
3 1.376953
5 0.000977
3 1.384033
6 1.474121
2 0.140137
2 0.121094
3 1.443115
1 0.000977
4 10.220947
6 2.428955
4 10.221924
1 0.000977
2 0.138916
1 0.000000
6 1.915039
3 1.602051
1 0.000977
1 0.000000
4 10.104004
1 0.001953
1 0.000000
4 10.229980
2 0.139160
3 1.450928
7 16.833984
3 1.365967
4 10.136963
2 0.142090
3 1.552002
5 0.000977
3 1.477051
5 0.001221
1 0.000977
3 1.531982
5 0.000977
5 0.000977
3 1.432129
6 2.968994
1 0.000977
1 0.000977
6 1.167969
2 0.126953
5 0.000000
4 10.181152
2 0.141113
5 0.000977
1 0.001221
4 10.230957
2 0.142090
5 0.000977
6 2.677002
5 0.001221
3 1.500977
3 1.332031
3 1.336914
3 1.355957
2 0.125000
5 0.000000
6 2.183838
2 0.126953
4 10.237061
1 0.001953
3 1.427979
5 0.000977
2 0.130127
2 0.118896
6 2.761963
6 1.152832
6 1.071045
5 0.000000
1 0.001953
6 1.174072
6 1.176025
5 0.000977
4 10.194092
5 0.000977
1 0.000977
2 0.141846
1 0.001221
3 1.415039
2 0.122070
4 10.241943
2 0.141846
4 10.235840
7 14.270020
2 0.142822
4 10.232910
2 0.162109
5 0.000977
5 0.000000
5 0.000000
6 3.175049
2 0.140137
6 1.708008
5 0.000977
1 0.005127
1 0.000977
1 0.001221
5 0.000000
4 10.182129
1 0.000977
4 10.236084
3 1.409912
1 0.000977
6 1.443115
4 10.221924
4 10.239014
1 0.002197
4 10.231934
1 0.001953
6 1.219971
1 0.000977
6 1.222900
1 0.001953
3 19.373047
4 10.232910
1 0.001953
5 0.000000
4 10.237061
5 0.000977
1 0.002197
6 1.414062
1 0.002197
1 0.000000
2 0.140137
5 0.000977
2 0.120117
5 0.000977
6 2.586182
1 0.002197
2 0.194092
7 2.968994
3 1.403076
1 0.001221
1 0.000977
5 0.000977
1 0.001221
2 0.130859
3 1.344971
5 0.000977
3 1.402100
2 0.121826
2 0.118896
5 0.000000
5 0.000000
5 0.000000
1 0.000977
3 1.347900
4 10.187012
2 0.140137
2 0.118896
1 0.000977
5 0.000000
4 10.183105
1 0.000977
1 0.000977
2 0.105957
6 2.833984
1 0.002197
1 0.000000
3 1.647949
4 10.253906
2 0.083984
3 0.816162
6 1.803955
2 0.104980
1 0.000977
3 1.180176
2 0.091064
2 0.086914
5 0.000977
5 0.000000
6 2.294922
4 10.227783
2 0.138916
6 2.004150
6 1.074951
2 0.139893
4 10.291992
2 0.137939
5 0.000000
5 0.000977
2 0.121094
4 10.140869
5 0.000977
4 10.098145
3 1.568115
3 1.530029
3 1.462891
1 0.002930
2 0.129150
4 10.206055
4 10.229980
3 1.452881
4 10.100098
5 0.000977
2 0.138916
7 5.868896
6 3.258057
1 0.001953
6 1.092041
4 10.098877
2 0.199951
6 1.859131
5 0.000977
5 0.000977
4 10.097900
3 1.622070
1 0.000977
3 1.489990
3 1.421875
1 0.000977
5 0.000000
1 0.000000
6 1.545898
6 1.103027
5 0.000977
6 1.173096
5 0.000977
5 0.001221
1 0.000977
1 0.000977
3 1.195068
1 0.000000
1 0.000977
4 10.088867
4 10.083984
2 0.066895
3 0.653076
3 0.593018
5 0.000000
4 10.081787
5 0.000977
1 0.000977
5 0.000000
6 1.614990
1 0.000977
1 0.000000
2 0.062988
1 0.000000
3 0.583008
1 0.000000
1 0.000977
3 1.018066
3 0.916992
1 0.000000
2 0.075928
3 0.835938
5 0.000000
2 0.075928
2 0.072021
4 10.248047
1 0.001953
5 0.000000
6 2.494873
1 0.001953
3 1.074951
4 10.220947
4 10.239990
3 1.370117
4 10.237061
6 1.480957
5 0.000977
5 0.000000
6 1.134033
5 0.000977
1 0.000977
6 1.213867
2 0.141113
6 1.963135
5 0.000977
1 0.000977
2 0.139160
5 0.000000
7 9.314941
3 1.470215
2 0.130127
3 1.355957
5 0.000000
6 2.506836
1 0.000977
2 0.208984
6 2.108154
3 9.121826
4 10.112061
1 0.001953
6 1.465820
2 0.232178
2 0.121094
3 1.480957
1 0.000977
6 2.776123
1 0.000977
3 1.527100
2 0.130127
2 0.121094
5 0.000000
5 0.000000
3 1.398193
6 2.812988
2 0.185059
4 10.145020
6 1.971924
6 1.117920
4 10.110840
5 0.000000
6 1.177002
6 1.175049
4 10.279053
4 10.122070
6 1.220215
4 10.244141
4 10.279053
1 0.005127
3 1.475098
4 10.116943
5 0.000977
4 10.116943
6 1.391113
2 0.154053
2 0.137939
6 2.982910
6 1.068848
6 1.089111
1 0.002197
5 0.000000
6 1.090088
6 1.070068
6 1.090088
3 1.801025
3 1.596191
4 10.299072
5 0.000977
2 0.141113
7 12.135986
3 1.723877
5 0.000000
6 2.636963
4 10.134033
2 0.159180
1 0.000977
5 0.000000
3 1.663086
5 0.000000
4 10.171143
6 2.151855
2 0.329102
6 2.026123
2 0.229004
3 1.663818
2 0.146973
6 2.665771
1 0.000977
6 1.069092
2 0.183105
4 10.093994
1 0.001953
6 2.081055
3 2.007080
1 0.000977
4 45.312988
4 10.286865
4 10.302002
3 1.400146
4 10.236084
4 10.278076
5 0.019043
6 1.589111
2 0.139893
4 10.104980
5 0.001221
5 0.000977
3 1.442139
3 13.733154
2 0.135010
1 0.003906
7 13.030029
4 10.228027
3 1.541992
5 0.001221
6 3.044922
2 0.412842
5 0.000977
5 0.000000
4 46.262207
1 0.004883
4 10.114014
1 0.001953
3 1.480957
1 0.000977
6 2.311035
5 0.002930
6 1.081055
1 0.001953
6 1.090088
4 10.107910
4 10.217041
1 0.002197
4 10.137939
6 1.103760
5 0.000977
2 0.139893
6 1.957031
6 1.090820
4 10.095947
1 0.000977
3 1.699951
4 10.093018
6 1.402100
7 14.502930
6 1.220947
2 0.141113
1 0.000977
1 0.000000
5 0.000977
4 49.349121
4 10.125000
1 0.005127
5 0.000977
6 2.154053
4 10.219971
6 1.262207
5 0.000977
2 0.143066
2 0.121094
6 2.639893
5 0.000977
6 1.080078
2 0.140869
1 0.000977
5 0.000000
1 0.001221
4 10.234863
3 1.405029
4 10.223877
7 4.121094
3 1.368896
6 2.061035
4 10.213135
4 10.241943
2 0.140869
4 10.229004
2 0.138916
6 2.483887
3 8.263916
1 0.002930
2 0.128906
5 0.000000
4 10.192871
2 0.187012
5 0.000000
3 1.406982
6 2.556885
2 0.139893
1 0.000977
4 10.222168
3 1.408936
6 2.048096
5 0.000977
4 10.180176
4 10.227051
2 0.142090
6 1.946045
5 0.000977
1 0.000977
1 0.000977
2 0.139893
3 1.593994
5 0.000000
3 1.335938
1 0.000977
1 0.000000
3 1.369873
7 4.994873
2 0.156006
1 0.000977
3 1.414062
1 0.000977
1 0.000977
4 10.187988
3 1.367920
3 1.407959
5 0.000000
1 0.001953
3 1.322021
5 0.000000
4 10.122803
3 1.529053
2 0.179932
4 10.229980
4 10.207031
3 1.268066
1 0.000977
1 0.000977
1 0.000977
6 2.705078
1 0.001953
4 10.164062
5 0.000977
3 0.734863
3 0.710938
5 0.000000
3 0.705078
3 0.705078
4 10.213867
5 0.000977
5 0.000000
5 0.000977
2 0.071777
2 0.056885
1 0.000977
1 0.000000
3 0.729004
3 0.654053
3 0.650879
2 0.057861
4 10.211182
2 0.114990
1 0.000977
1 0.000000
4 10.262939
1 0.000977
3 1.401855
4 10.241943
4 10.226074
6 3.186035
4 10.197021
5 0.000000
2 0.222900
6 1.936035
6 1.176025
6 1.096924
7 10.585938
4 33.610107
2 0.142090
3 1.408936
6 2.010986
1 0.005859
3 1.421875
1 0.000977
2 0.130127
2 0.120117
1 0.000977
1 0.000000
5 0.001953
1 0.000977
3 1.373047
4 10.189941
2 0.139893
5 0.001221
2 0.120850
5 0.000000
6 2.958008
1 0.001953
3 2.285889
3 1.497070
2 0.130127
1 0.000977
5 0.000977
6 1.981201
1 0.000977
6 1.184082
3 1.409912
4 10.307861
2 0.141113
2 0.184082
2 0.118164
4 10.197998
4 10.198975
1 0.000977
5 0.000000
1 0.001221
6 2.857910
6 1.076904
5 0.000000
1 0.001953
1 0.000977
2 0.141846
4 10.220947
1 0.001953
4 10.236816
4 54.946045
1 0.005127
1 0.000977
1 0.000977
7 7.168945
2 0.141113
5 0.000977
6 2.654785
3 12.372070
2 0.130127
1 0.000977
5 0.000977
1 0.000000
6 1.998047
6 1.099854
5 0.000977
5 0.000000
6 1.289062
3 1.571045
4 10.102051
2 0.196045
5 0.000000
4 10.285156
5 0.000977
2 0.139160
6 2.643066
3 1.585938
6 1.221924
6 1.088867
6 1.091064
2 0.140869
6 1.926025
6 1.177979
6 1.210938
3 1.434814
6 1.351074
5 0.000977
4 10.184082
1 0.004883
1 0.000977
6 1.405029
5 0.000977
5 0.001221
1 0.000977
2 0.140137
3 1.425049
4 10.094971
2 0.198975
2 0.121094
2 0.120117
6 3.054932
6 1.095947
6 1.083008
6 1.086914
5 0.000000
3 1.570068
6 1.302002
5 0.000000
4 10.162109
7 5.301025
4 10.228027
3 1.493896
6 1.416016
5 0.000977
5 0.000000
1 0.005127
2 0.177979
4 10.114014
3 1.450928
3 1.443848
1 0.000977
6 2.302002
4 10.218018
6 1.253906
5 0.000977
1 0.000977
1 0.000977
1 0.000000
4 10.156006
3 1.406006
3 1.360107
5 0.000000
5 0.000000
1 0.000977
5 0.000000
5 0.000000
3 1.414795
3 1.384033
3 1.356934
6 1.767090
4 10.129150
2 0.143066
2 0.124023
5 0.000977
1 0.000977
6 2.802002
6 1.072021
5 0.000977
2 0.143066
5 0.000000
6 2.000000
3 1.739990
5 0.000977
5 0.000977
3 1.444092
4 10.175049
4 10.112061
6 1.391846
4 14.601074
3 1.426025
1 0.001221
4 10.117920
7 7.457031
2 0.084961
4 10.094971
4 10.234863
6 2.117188
1 0.000977
1 0.000000
1 0.000977
6 1.073975
6 1.067871
5 0.000977
1 0.000977
3 1.435059
6 1.360840
6 1.086914
6 1.113037
2 0.142090
1 0.000977
2 0.120850
6 2.666992
3 1.786133
1 0.000977
3 1.462891
4 10.257812
3 1.396973
6 1.693115
4 55.982910
4 10.113037
5 0.000977
6 1.105957
5 0.000977
6 1.112061
1 0.005127
4 10.093994
7 6.644043
5 0.000977
3 16.630859
6 1.399170
5 0.001221
2 0.142090
4 10.259033
3 1.569092
2 0.194092
2 0.121094
2 0.137207
1 0.000977
3 1.403076
4 10.113037
2 0.144043
6 3.427002
1 0.000977
5 0.000000
5 0.000000
5 0.000000
5 0.000977
1 0.000977
3 1.654053
5 0.000000
1 0.000977
3 1.588135
1 0.000977
5 0.000977
5 0.000000
5 0.000000
4 10.111084
3 1.405029
5 0.000000
5 0.000000
3 1.522949
1 0.001221
