Hello world!
4 10.229980
4 10.288818
2 0.171875
6 2.002930
2 0.137939
1 0.001221
5 0.000000
4 10.229004
6 1.972168
4 10.245117
6 1.182129
6 1.229004
4 10.236084
1 0.001953
3 1.433838
2 0.128906
4 10.218018
3 1.412842
2 0.129883
6 2.680908
4 10.084961
1 0.000977
3 1.474121
4 10.229004
2 0.141113
2 0.123047
3 1.475098
6 2.666016
5 0.000977
5 0.000000
5 0.000000
6 1.176025
3 1.389893
6 1.401855
5 0.000977
4 10.191895
7 7.678955
1 0.001953
5 0.000977
3 1.373779
5 0.000000
4 10.229004
2 0.141113
6 1.979980
5 0.000977
2 0.141846
4 15.648926
6 1.993896
2 0.143066
3 1.112061
4 10.093994
5 0.000977
6 1.765137
5 0.000977
2 0.083008
3 0.750000
3 0.712891
2 0.055908
6 2.052002
6 1.095947
3 0.723145
6 1.222168
1 0.001953
3 0.620117
3 0.749023
4 10.105225
4 10.114990
6 1.544922
3 1.434082
4 10.102051
2 0.139160
2 0.139893
4 10.212891
6 2.839111
2 0.191895
2 0.157959
6 2.637939
1 0.003906
7 17.261963
1 0.000977
1 0.000000
1 0.000000
4 10.233887
2 0.139160
2 0.124023
4 10.204102
2 0.164062
4 10.233154
4 10.233887
3 1.563965
3 1.444092
6 3.029053
4 10.221924
2 0.142090
3 1.487061
6 2.313965
1 0.004883
1 0.000977
2 0.193115
6 2.281982
3 12.474121
2 0.156982
1 0.000977
6 2.019775
1 0.001953
1 0.000000
2 0.159180
5 0.000977
6 2.174072
3 1.492920
5 0.000000
1 0.000977
2 0.149902
2 0.118896
4 10.106934
2 0.178955
5 0.000977
5 0.000000
2 0.136963
5 0.000000
5 0.000000
4 10.129883
6 3.118164
2 0.194092
5 0.000000
5 0.000000
1 0.000977
1 0.000977
6 1.464844
3 1.677979
3 1.594971
7 8.772949
6 1.383057
5 0.000000
4 50.819092
3 1.518066
1 0.002197
5 0.000977
4 10.116943
4 10.116943
4 10.236084
1 0.000977
3 1.516113
6 1.568848
3 1.540039
6 1.404785
6 1.082031
6 1.267090
6 1.127930
3 1.402100
5 0.000977
5 0.001221
4 10.244873
6 1.430908
1 0.001953
5 0.000000
6 1.125977
3 1.540039
6 1.398193
7 7.708984
5 0.001221
2 0.144043
3 1.458984
1 0.000977
2 0.204102
3 1.451904
3 1.439209
3 1.364014
1 0.000000
6 2.943848
3 1.315918
6 1.237061
3 1.150146
3 1.082031
3 1.137207
4 10.111084
5 0.000977
2 0.143066
3 1.608887
4 10.291992
1 0.000977
6 2.431152
2 0.229980
2 0.168945
3 1.468018
1 0.002930
3 1.420898
5 0.000977
4 10.183105
1 0.001953
2 0.210938
5 0.000000
2 0.161865
3 1.523926
6 3.294922
6 1.070068
6 1.098145
4 10.093994
5 0.000977
3 1.413818
2 0.144043
3 1.436035
3 1.498779
4 10.162109
4 10.116943
1 0.000977
1 0.000977
5 0.000977
4 10.119141
3 1.466064
7 13.681152
2 0.142090
1 0.001953
2 0.160889
1 0.000977
5 0.000977
3 1.490967
3 1.450928
5 0.000977
1 0.000977
6 2.979980
3 1.622070
5 0.000977
4 10.132080
2 0.159912
3 12.522949
6 2.164062
3 1.682861
6 1.399902
5 0.000977
3 1.588867
2 0.129883
2 0.121826
6 2.827881
6 1.066895
4 10.093994
3 1.574951
1 0.002930
6 1.593018
3 1.497070
4 10.098145
5 0.000000
6 1.333984
3 0.955078
3 0.777832
3 0.813965
3 0.818115
2 0.080078
6 1.856934
2 0.086914
3 1.101074
1 0.001221
1 0.000977
3 0.959961
4 10.275146
3 1.291992
1 0.001221
2 0.117920
5 0.001221
3 1.269043
3 1.429932
2 0.111084
4 10.166016
3 1.560059
3 1.483154
7 16.049072
6 3.149170
3 1.585938
2 0.190918
3 1.577148
2 0.197998
4 10.106934
3 1.558838
5 0.000977
6 2.789062
2 0.200928
6 2.062988
2 0.143066
3 1.526123
1 0.003174
3 1.479980
5 0.000977
3 1.380127
1 0.000977
1 0.000977
1 0.000000
2 0.131104
6 2.717041
5 0.000977
3 1.403809
2 0.195068
6 1.884033
6 1.072998
1 0.001953
1 0.000000
2 0.135986
4 10.120850
6 1.983887
6 1.079102
6 1.078857
4 10.260010
6 1.109131
1 0.000977
2 0.219971
4 10.119873
1 0.001953
4 10.119141
6 1.989014
1 0.001953
6 1.085205
4 10.259033
1 0.001953
2 0.143066
2 0.140869
5 0.000977
2 0.119141
1 0.000977
4 10.121094
5 0.000977
6 3.132080
5 0.000977
4 50.198975
3 1.450928
1 0.002930
7 5.074951
2 0.183838
3 1.450928
1 0.000977
3 1.438232
4 10.236084
1 0.001953
4 10.117920
6 2.394043
1 0.001953
4 10.091797
6 1.136963
1 0.001953
6 1.125000
6 1.281006
6 1.105957
1 0.001953
1 0.000000
6 1.104980
4 10.234863
3 8.508057
3 1.479980
1 0.000977
3 1.495117
1 0.000977
5 0.000000
2 0.130859
6 2.383789
1 0.002197
3 2.090088
5 0.000977
1 0.000000
5 0.000000
1 0.000977
6 1.340088
2 0.144043
3 1.666016
4 10.093994
6 2.177002
4 10.119873
5 0.000000
5 0.000000
4 10.116211
5 0.000000
3 1.475098
2 0.154053
2 0.122070
3 1.465088
1 0.000977
1 0.001221
6 2.971924
2 0.198975
5 0.000000
6 2.002930
5 0.000000
4 10.311035
6 1.203857
7 10.342041
4 10.120117
5 0.000000
5 0.000000
3 1.510010
4 10.189941
5 0.001221
3 1.463135
3 1.408936
2 0.176025
6 2.354980
2 0.352051
1 0.002930
3 1.792969
4 10.096191
4 10.095947
3 1.619873
4 10.106934
1 0.002197
4 10.145020
5 0.000977
4 10.112793
1 0.001953
1 0.000977
1 0.000977
3 1.422852
4 10.117920
5 0.001221
3 1.465088
4 10.187988
2 0.144043
6 2.765869
4 10.110107
3 1.463867
1 0.000977
2 0.217041
2 0.123047
1 0.000977
7 14.772949
4 10.104980
3 0.906006
6 2.195801
6 1.076904
4 10.094971
3 0.727051
3 0.684082
6 1.361084
6 1.075928
6 1.091064
1 0.001953
6 1.221924
2 0.078857
5 0.000000
3 0.723877
6 1.695068
2 0.078125
4 10.272949
4 10.265137
2 0.227051
2 0.123047
2 0.123779
6 3.146973
Goodbye!
