5 0.000977
3 0.750000
5 0.000977
4 10.262939
4 10.177979
4 10.260010
3 1.102051
4 10.343994
1 0.000977
3 1.104004
2 0.123047
4 10.260986
5 0.000977
1 0.001953
4 10.272949
6 1.594971
4 10.096924
1 0.000977
2 0.142090
6 1.791992
6 1.089844
4 10.092041
2 0.142090
4 10.215088
7 7.955078
6 1.839844
4 10.187988
1 0.002197
6 1.273926
1 0.000977
6 1.214844
5 0.000977
1 0.000977
6 1.234131
2 0.141846
6 1.853027
6 1.087891
6 1.068115
2 0.143066
4 10.219971
2 0.141113
3 1.415039
4 10.233887
2 0.163086
3 1.409912
1 0.000977
1 0.000000
6 3.023926
4 10.224854
1 0.002197
3 1.440918
6 1.398926
2 0.142090
2 0.124023
3 1.567139
5 0.001221
6 2.612061
6 1.074951
3 1.363037
6 1.211914
2 0.138916
1 0.000977
1 0.000977
5 0.000000
2 0.123047
3 1.458008
2 0.124023
2 0.119873
4 10.222168
1 0.000977
3 1.485107
6 3.446777
2 0.144043
4 10.187988
4 10.233887
4 10.241211
5 0.000977
5 0.000000
2 0.147217
1 0.000977
1 0.000977
4 10.217041
7 8.989990
4 10.227783
4 10.233887
1 0.001953
5 0.000000
5 0.000977
2 0.145996
3 1.454834
4 10.232910
2 0.145996
5 0.000000
3 1.464111
4 10.234131
3 1.408936
6 3.175049
6 1.182129
3 1.608887
2 0.130859
4 10.285889
3 13.274170
3 1.338867
2 0.128906
5 0.000000
4 10.096924
6 2.781006
2 0.203125
5 0.000977
6 1.822021
1 0.004883
6 1.247803
3 1.621094
5 0.000000
1 0.000977
1 0.001221
4 10.098877
1 0.002197
4 10.122070
7 4.430908
4 10.094971
1 0.001953
5 0.000977
5 0.000000
4 10.192871
1 0.001953
5 0.000977
1 0.001221
4 10.238037
3 1.371826
6 1.488037
5 0.000977
3 1.481934
1 0.000977
3 1.323975
2 0.132080
2 0.118896
4 10.096924
4 10.206055
5 0.000000
1 0.001221
1 0.000000
6 2.708984
5 0.000000
3 1.429932
4 10.220215
5 0.000977
5 0.000000
5 0.000000
4 10.224854
6 1.449951
5 0.001221
5 0.000000
4 10.224121
3 1.449951
2 0.127930
6 1.978027
2 0.140137
5 0.000000
4 10.181152
2 0.139893
5 0.000977
7 12.316162
4 10.181152
5 0.000000
1 0.005127
1 0.000977
2 0.061035
3 0.635986
4 10.169922
1 0.000977
1 0.000000
2 0.063965
2 0.067139
2 0.052002
3 0.609131
1 0.000000
4 10.230957
3 1.210938
5 0.000977
2 0.136963
5 0.000000
2 0.105957
3 1.280029
4 10.254883
3 1.406982
1 0.001953
2 0.150146
5 0.000000
6 5.424072
3 2.132080
6 1.180176
5 0.000977
4 10.107910
2 0.138916
2 0.119141
1 0.000977
4 10.231934
2 0.138916
2 0.119873
6 3.442871
5 0.000977
2 0.169922
2 0.123047
6 1.794922
2 0.140137
6 1.386963
5 0.000977
5 0.000977
2 0.137207
3 1.656982
5 0.000977
5 0.000000
6 2.114014
4 10.283936
1 0.001953
2 0.221924
3 1.401855
4 10.218018
1 0.001953
1 0.000000
5 0.000000
6 2.154053
6 1.091797
3 1.424072
7 6.375977
4 10.221191
6 1.401855
2 0.146973
4 10.197021
5 0.000000
2 0.139893
5 0.000977
6 2.658936
5 0.000977
3 5.708984
3 1.331055
5 0.000977
6 1.276855
2 0.195068
6 1.850098
1 0.001953
6 1.277832
1 0.001953
1 0.000977
6 1.093994
5 0.000977
1 0.002197
5 0.000000
2 0.138916
2 0.124023
5 0.000977
5 0.000000
5 0.000000
4 10.097900
5 0.000977
1 0.000977
1 0.000000
2 0.139160
5 0.000000
5 0.000977
3 1.603027
2 0.166992
1 0.000000
5 0.000977
5 0.000977
4 10.117188
5 0.000977
1 0.001221
2 0.139893
5 0.000000
3 1.667969
1 0.000977
3 1.436035
1 0.001221
3 1.437012
5 0.000000
2 0.189941
6 4.687012
3 1.899170
4 10.096191
6 1.246826
3 1.457031
1 0.000977
6 1.246094
2 0.139893
4 10.306885
5 0.000977
6 1.902100
5 0.000977
2 0.135010
1 0.000977
2 0.119141
4 10.096924
1 0.001953
3 1.641113
4 10.160156
6 2.637939
3 1.602051
4 10.098877
3 1.511230
6 1.328125
6 1.101807
5 0.000977
3 1.469971
3 1.544922
3 1.464844
4 10.098877
1 0.001953
1 0.000000
6 1.437012
3 1.560059
6 1.229004
1 0.001953
3 1.565918
3 1.470947
2 0.129883
4 10.162109
6 2.030029
2 0.141113
6 2.141113
4 10.188965
6 1.215820
3 1.414062
1 0.000977
2 0.135010
1 0.000000
3 1.427002
4 10.226074
1 0.001953
2 0.139160
4 10.114014
3 1.577148
7 12.589111
4 10.233887
6 2.672852
6 1.076904
2 0.141113
1 0.002197
1 0.000977
6 1.814941
5 0.000977
3 1.536865
2 0.125000
3 1.351074
4 42.463135
1 0.001953
5 0.000000
5 0.000000
1 0.000977
3 1.365967
5 0.000000
1 0.000977
3 1.335938
1 0.001221
1 0.000000
6 2.263916
6 1.091064
3 1.447021
6 1.247070
3 1.380859
2 0.133057
3 1.423096
4 10.233154
2 0.145020
6 2.593994
2 0.182129
6 1.904053
2 0.145996
6 1.891113
1 0.001953
5 0.000000
1 0.000000
4 10.092041
5 0.000977
6 1.214111
1 0.000977
6 1.104004
7 16.733154
6 1.109131
6 1.097900
5 0.000977
1 0.000977
2 0.201904
6 2.018066
3 12.332031
1 0.001221
4 10.099121
3 1.572998
5 0.001221
1 0.001953
1 0.000977
4 10.285889
1 0.002197
6 1.328125
4 10.122070
6 1.093994
6 1.140869
5 0.000000
1 0.000977
3 1.003174
3 0.955078
6 1.447998
3 1.112061
2 0.091064
1 0.000977
2 0.082031
5 0.000977
4 10.097168
6 2.617920
5 0.000977
6 1.172852
6 1.217041
1 0.000977
1 0.000977
4 10.097900
5 0.001221
3 1.603027
6 1.318848
5 0.000977
3 1.522949
1 0.000977
5 0.000000
3 1.542969
6 1.460938
3 1.625000
6 1.400879
6 1.106934
4 10.153076
6 1.209961
6 1.215088
5 0.000977
5 0.000000
3 1.431152
3 1.339111
3 1.340088
3 1.354004
1 0.000977
6 1.563965
5 0.000977
1 0.001953
3 1.491211
3 1.414062
1 0.001221
6 1.332031
1 0.001953
1 0.000000
7 17.265869
1 0.001953
5 0.000000
1 0.000000
4 10.228027
1 0.002197
3 1.366943
6 1.282959
3 1.437012
1 0.000977
2 0.140869
6 1.994873
2 0.225098
3 1.593018
4 10.223877
4 10.196045
6 2.000000
3 1.603027
6 1.341064
2 0.145996
6 2.067871
1 0.001953
2 0.178955
1 0.001221
3 1.416992
4 10.186035
3 1.374023
5 0.000977
3 1.389160
6 2.136963
4 10.104004
2 0.145020
1 0.001953
4 10.216064
2 0.145020
5 0.001221
6 2.651855
5 0.000977
4 10.103027
6 1.221924
5 0.000977
5 0.000977
4 10.194092
3 1.479980
3 1.334961
7 10.133057
6 1.465088
5 0.001221
2 0.145996
6 2.034912
4 10.184082
6 1.302979
2 0.145996
3 1.465088
3 1.345215
1 0.001953
1 0.001221
2 0.125977
3 1.355957
6 2.813965
3 1.675049
2 0.133057
1 0.002197
4 10.190918
3 1.479980
4 10.231934
1 0.001953
3 1.458984
1 0.000977
3 1.376953
4 10.245850
4 10.196777
6 2.417969
2 0.186035
4 10.099121
2 0.203125
5 0.000000
6 2.606934
4 10.096191
4 10.125000
1 0.004883
7 13.957031
6 1.236816
6 1.082031
4 10.084961
2 0.101074
1 0.001221
6 1.500000
2 0.067871
4 10.092041
2 0.054932
3 5.708008
2 0.116943
5 0.000977
6 2.236084
2 0.113037
5 0.000000
6 1.419922
6 1.066162
5 0.000977
3 0.935059
1 0.001221
1 0.000000
2 0.126953
1 0.000977
3 0.862793
6 1.778809
1 0.001953
4 10.100098
2 0.101074
3 0.958008
5 0.000000
6 1.828857
5 0.000977
2 0.163818
6 2.269043
5 0.000977
2 0.202148
2 0.125000
5 0.000000
5 0.000977
1 0.000977
5 0.000977
3 1.446777
6 2.849121
4 10.113037
4 10.111084
5 0.000000
1 0.000977
2 0.162842
3 1.550049
1 0.000977
5 0.000000
2 0.191895
4 10.273926
6 2.778076
4 10.242920
1 0.001953
4 10.114014
5 0.000977
6 1.214844
4 10.119141
6 1.180908
6 1.109131
2 0.145996
4 10.272949
1 0.000977
2 0.145020
4 10.271973
2 0.145020
4 10.115967
7 5.083984
2 0.100098
2 0.084961
4 10.278809
2 0.086914
1 0.000977
2 0.055908
4 10.110107
2 0.187012
6 4.834961
3 1.781006
6 1.351807
6 1.070068
2 0.115967
3 1.232178
4 10.128174
1 0.000977
1 0.000000
3 1.406006
1 0.000000
1 0.001221
3 1.493896
5 0.000977
5 0.000000
3 1.358154
3 1.354004
1 0.000977
1 0.000000
4 10.276123
6 2.410889
4 10.170898
6 1.150879
3 1.662109
6 1.412109
5 0.000977
2 0.145996
4 10.139893
3 1.485107
4 10.106934
3 1.450928
2 0.133057
6 2.859131
6 1.035156
6 1.135010
7 16.905029
2 0.145020
5 0.000000
5 0.000000
2 0.147949
2 0.135010
2 0.121094
6 3.110107
5 0.000977
1 0.003906
5 0.000000
4 10.111816
3 1.494141
1 0.000977
5 0.000977
6 1.515869
2 0.145996
1 0.000977
4 10.137207
1 0.001953
3 1.662109
5 0.000000
1 0.000000
6 2.690918
5 0.000977
5 0.000977
1 0.000977
5 0.000977
2 0.184082
1 0.000977
1 0.000000
1 0.000977
3 1.483887
1 0.000977
3 1.507080
4 10.219971
4 10.106934
6 2.256104
3 19.060059
5 0.000977
2 0.134033
2 0.121826
1 0.000977
6 2.869873
2 0.197021
2 0.137939
1 0.001953
6 2.594971
2 0.183105
2 0.156006
3 1.489990
6 2.550049
1 0.000977
6 1.053955
3 1.156006
2 0.114014
2 0.096924
1 0.000977
2 0.097900
3 1.114014
5 0.000000
5 0.000000
1 0.000000
4 10.257080
6 3.007080
6 1.069824
2 0.160889
3 1.523926
5 0.000000
7 13.657959
1 0.001953
5 0.000000
4 10.117920
4 10.273926
3 1.414795
2 0.135010
1 0.000977
6 2.771973
6 1.092041
1 0.001953
1 0.000977
4 10.111084
6 1.091064
4 10.221191
2 0.145996
2 0.143066
6 2.711182
4 10.125977
6 1.144775
4 10.115234
6 1.105957
4 10.164795
3 1.450928
6 1.500977
1 0.004883
6 1.277832
5 0.000977
1 0.000977
4 10.111084
5 0.000977
5 0.000000
5 0.000977
3 1.484131
6 1.460938
2 0.145996
5 0.000000
5 0.000977
1 0.000977
2 0.122803
5 0.000977
1 0.016846
4 10.181885
4 10.110840
6 2.790039
2 0.346924
3 1.461182
5 0.000000
7 8.705078
5 0.000977
5 0.000000
4 10.095947
1 0.002197
1 0.000977
1 0.000000
3 1.619873
1 0.000977
4 10.177002
2 0.145020
2 0.145020
5 0.065186
4 10.146973
4 10.125977
1 0.001953
6 3.135010
1 0.001221
2 0.199951
4 10.114990
2 0.147949
1 0.001953
1 0.000000
5 0.000977
4 10.094971
6 2.875977
2 0.251953
2 0.124023
3 1.691162
2 0.192139
5 0.000000
2 0.122803
2 0.233887
4 10.143066
6 4.648926
4 10.124023
3 1.506104
6 1.447998
2 0.167969
6 2.293945
7 19.192139
6 1.182129
3 12.755127
5 0.000977
6 1.313965
3 0.846924
2 0.090088
2 0.076172
6 1.950928
1 0.003906
6 1.229980
5 0.000977
6 1.093018
6 1.060059
3 0.891113
4 10.257080
2 0.129150
2 0.064941
4 10.249023
2 0.109131
3 0.770020
6 2.744141
3 1.370850
1 0.000977
3 1.343018
5 0.001221
2 0.134033
6 2.103027
3 1.429932
6 1.416992
1 0.001953
5 0.000000
2 0.116943
3 1.148926
4 10.295166
2 0.145996
4 10.239990
4 10.247803
6 2.496826
1 0.001953
1 0.000000
1 0.000000
1 0.000000
1 0.001221
2 0.145996
2 0.122070
4 10.219971
1 0.002197
4 10.196045
5 0.000000
7 8.481934
2 0.145020
3 1.395020
6 2.747070
3 1.378906
5 0.000000
1 0.000977
5 0.000000
6 1.377930
5 0.000977
3 1.461182
4 10.222168
6 1.369873
3 1.365967
2 0.131836
4 10.182861
4 10.235840
2 0.146973
3 1.460938
1 0.000977
5 0.000977
5 0.000000
1 0.000000
3 1.349854
1 0.000000
3 1.343994
4 10.237061
1 0.000977
5 0.000000
2 0.145996
5 0.000000
3 1.400879
6 3.071045
3 1.368164
