Hello world!
3 1.434082
7 3.240967
3 1.399170
3 1.430908
2 0.178955
6 2.244873
2 0.315918
2 0.230957
4 10.114990
6 2.710205
2 0.355957
2 0.221924
3 1.451172
3 1.475098
6 2.749023
4 10.115967
6 1.269043
2 0.139893
3 1.437988
5 0.000000
3 1.525879
6 2.169922
6 1.074951
1 0.000977
2 0.139893
6 1.945068
1 0.000977
2 0.140137
4 10.246094
5 0.000977
6 2.082031
6 1.073975
3 1.470947
7 14.835938
3 1.407959
3 1.398926
6 1.659912
5 0.000977
1 0.000977
4 10.111084
2 0.162109
3 1.540039
7 13.607910
4 10.196045
2 0.180908
3 1.436035
6 2.911133
4 10.115967
1 0.003906
2 0.089111
5 0.000977
2 0.073975
5 0.000000
6 2.460938
6 1.067871
2 0.091064
4 10.156006
1 0.000977
7 6.006104
5 0.000000
3 1.028076
6 1.880127
7 11.846191
3 1.676025
5 0.000977
6 1.333008
7 11.958008
4 10.116943
6 1.106934
4 10.269043
7 8.515869
6 1.108154
5 0.000000
1 0.004883
1 0.000977
7 13.833984
7 14.989014
5 0.001221
3 1.430908
1 0.000977
5 0.000000
5 0.000000
5 0.000000
1 0.000977
5 0.000000
1 0.000000
7 13.503174
4 10.119873
7 4.796143
3 1.473877
3 1.359863
7 12.138916
4 10.111084
1 0.006104
7 4.802002
7 14.775146
2 0.239014
2 0.181152
7 14.724121
2 0.181885
5 0.000977
3 15.563965
5 0.002197
7 15.043945
3 1.403809
3 1.416016
3 1.370117
2 0.128174
5 0.000000
1 0.002930
7 9.568848
1 0.000977
2 0.107178
6 2.549072
4 10.288086
7 17.044189
1 0.001953
5 0.000977
4 10.129150
6 1.161865
2 0.126953
7 3.475830
1 0.001953
6 1.916992
3 1.785156
4 10.228027
6 1.314941
6 1.115967
4 10.217041
1 0.001953
7 3.161865
1 0.001953
7 14.843994
2 0.141846
1 0.000977
4 10.213867
3 1.625000
6 2.282959
3 1.894043
4 10.111084
2 0.140137
1 0.001953
4 10.120117
3 1.508057
7 7.967041
5 0.000977
1 0.001953
3 1.427979
1 0.000000
2 0.127930
7 12.377197
5 0.000977
6 2.817139
4 10.111084
4 10.113037
3 1.445068
4 10.264160
4 10.197021
4 10.119873
4 10.233887
1 0.006104
1 0.000977
6 1.495117
1 0.000977
2 0.140137
5 0.000977
5 0.000000
2 0.120117
3 1.592041
6 2.802979
3 1.663086
7 17.422119
6 1.339111
1 0.002197
1 0.000977
3 1.572021
6 1.282959
2 0.140869
3 1.529053
5 0.000977
5 0.000000
1 0.046875
3 1.453857
3 1.371094
5 0.000000
6 2.224121
7 3.781982
6 1.104004
3 1.391113
7 12.436035
2 0.105957
6 1.809814
5 0.000000
7 13.047119
5 0.000977
4 10.117920
2 0.140137
6 1.979004
5 0.000977
1 0.004883
4 10.217041
4 10.273926
3 12.982910
3 1.433105
5 0.000977
5 0.000977
7 12.665039
7 14.927979
3 1.397949
6 1.597900
1 0.004883
4 10.109863
1 0.000977
1 0.000000
6 1.405029
5 0.000977
6 1.104004
1 0.001953
7 14.093994
7 15.193115
3 1.468994
6 1.428955
1 0.001953
5 0.000977
5 0.000000
1 0.000977
5 0.000000
6 1.102051
7 10.824219
7 14.993896
3 1.385986
3 1.383057
1 0.000977
2 0.130859
2 0.117920
5 0.000977
5 0.000000
4 10.119873
6 2.950928
1 0.002197
7 13.676025
5 0.000000
4 10.124023
7 4.813965
6 1.124023
1 0.001953
1 0.000977
5 0.000977
7 13.867188
2 0.142822
4 10.235840
3 1.582031
5 0.000977
3 1.421143
4 10.293213
4 10.139893
6 2.146973
1 0.000977
6 1.073975
3 1.403809
7 6.230957
2 0.139893
4 10.225830
1 0.000977
4 10.235107
5 0.000977
2 0.193115
2 0.120117
7 9.004883
1 0.002197
4 10.120117
2 0.140869
2 0.120117
7 4.546143
6 5.269775
3 1.859131
7 8.747070
3 1.405029
6 1.530029
7 11.999023
3 1.394043
7 13.567139
1 0.004883
5 0.000000
1 0.000977
7 14.942139
4 10.119873
1 0.002197
3 5.655029
1 0.001953
1 0.000977
7 14.272949
6 1.635010
7 13.186768
1 0.001953
3 1.661133
5 0.000000
1 0.000977
5 0.000000
6 1.320068
3 1.742920
3 1.534912
5 0.000977
6 1.353027
4 10.114014
6 1.090820
2 0.155029
5 0.000977
3 1.686035
7 9.234863
5 0.000000
2 0.138184
2 0.124023
5 0.000000
5 0.000000
1 0.000977
6 3.042969
4 10.244873
7 16.229004
1 0.002197
6 1.108887
4 10.177002
7 3.594971
2 0.090088
6 1.691162
1 0.001221
6 1.100098
6 1.061035
2 0.068115
2 0.050049
1 0.000977
2 0.052002
2 0.050781
6 1.973877
7 8.754150
1 0.000977
6 1.090088
4 10.111084
4 10.292969
1 0.001953
2 0.137939
7 8.346191
1 0.000977
5 0.000977
1 0.000977
4 10.119873
3 1.444092
2 0.215088
6 2.761963
7 15.336914
5 0.001221
1 0.000977
7 14.975098
3 1.446045
5 0.000000
2 0.192871
3 1.407959
4 10.271973
2 0.137939
1 0.000977
7 16.404053
5 0.000977
6 2.802979
1 0.001953
5 0.000977
6 1.105957
6 1.295898
5 0.000000
3 1.479004
4 10.111084
2 0.207031
2 0.118164
6 2.719971
2 0.309082
4 10.130127
3 1.442871
2 0.206055
1 0.000977
1 0.000977
3 1.447021
3 1.443115
4 10.165039
3 1.410156
1 0.000977
7 13.039795
2 0.140869
4 10.255859
3 1.444092
1 0.000977
5 0.000977
4 10.121094
3 9.640869
4 10.214111
6 3.429932
3 1.718018
2 0.166992
1 0.000977
1 0.000977
7 12.729004
7 14.973877
3 1.472900
7 14.184814
6 2.120850
6 1.094971
5 0.000977
1 0.001953
5 0.000000
2 0.156006
2 0.119141
4 10.094971
6 2.773926
1 0.000977
6 1.069824
3 1.595947
7 10.979980
7 14.218994
7 15.695068
7 14.004150
2 0.157959
6 2.139160
4 10.164795
4 10.274902
2 0.138916
2 0.135986
4 10.183105
2 0.141113
6 2.915039
1 0.003906
7 9.713135
7 15.011963
1 0.001953
6 1.407959
6 1.113037
5 0.000977
7 12.341797
4 10.112793
7 4.645020
1 0.001953
3 1.469971
6 1.481201
3 1.520020
5 0.000977
1 0.000977
7 10.460938
7 14.995117
7 14.928955
1 0.001953
3 1.458008
7 13.460938
2 0.138916
6 2.154053
5 0.000977
1 0.002197
3 1.327881
3 0.887939
2 0.080078
5 0.000000
5 0.000000
7 10.320068
3 0.603027
3 0.606934
3 0.572998
7 13.197998
5 0.000977
5 0.000000
2 0.072021
3 15.872070
1 0.000977
3 1.406006
6 2.839111
5 0.000977
7 9.650146
6 1.102783
7 13.918945
7 14.944092
3 1.432129
3 1.436035
4 10.119873
2 0.139160
1 0.002930
5 0.001221
6 2.324951
2 0.197021
6 2.074951
2 0.141113
1 0.000977
6 1.909912
5 0.000977
3 1.719971
1 0.000977
2 0.201172
3 1.373047
2 0.219971
6 2.604004
1 0.002197
1 0.000000
1 0.000977
1 0.000000
5 0.000000
2 0.250977
Goodbye!
