3 1.377930
1 0.000977
3 1.453125
5 0.000977
2 0.137939
5 0.000977
4 10.076172
5 0.000000
6 2.065918
1 0.001953
5 0.000977
4 10.188965
4 10.187012
3 1.420166
4 10.246094
3 0.852051
3 0.821045
4 10.275879
5 0.000977
6 1.492188
6 1.083984
6 1.209961
5 0.000977
5 0.000000
4 10.202881
4 10.201172
2 0.138916
4 10.249023
3 1.430908
1 0.002930
4 10.242188
1 0.001953
7 16.747070
2 0.141113
4 10.194092
3 1.496094
3 1.340088
2 0.149170
4 10.183105
6 2.227783
3 0.888916
4 10.716064
6 1.270020
5 0.000000
2 0.063965
1 0.002930
4 10.204102
5 0.000977
3 0.573975
6 1.864014
5 0.000977
2 0.125000
1 0.000977
4 10.195068
1 0.001953
1 0.000977
6 1.839111
6 1.175049
3 1.416016
6 1.374023
1 0.002197
5 0.000977
2 0.139160
6 1.922119
3 1.481201
6 1.364990
1 0.000977
3 1.369873
4 10.222900
2 0.141113
1 0.000977
5 0.000000
3 1.400879
3 1.382080
2 0.122070
4 10.208008
5 0.000977
2 0.140869
2 0.120117
3 1.478027
1 0.001953
5 0.000000
4 10.215088
5 0.000977
7 10.036865
6 3.061035
6 1.215088
1 0.001953
3 1.389160
2 0.135010
6 1.985107
4 10.191895
6 1.214844
2 0.219971
2 0.123047
1 0.001953
1 0.000977
1 0.000977
6 2.618896
5 0.000977
6 1.086914
3 1.447021
5 0.000000
1 0.001221
5 0.000977
5 0.000000
2 0.149902
1 0.000977
6 2.030029
1 0.001221
5 0.000977
4 10.223145
3 1.456055
4 10.119873
4 10.232910
5 0.000977
6 1.407959
4 10.135010
3 5.956055
4 10.120117
6 1.458008
4 10.128906
2 0.143066
3 1.510010
1 0.001953
7 5.622070
3 1.406982
2 0.217041
3 1.397217
3 1.460938
4 10.149902
1 0.001953
5 0.000000
2 0.139893
3 1.450195
6 3.141113
2 0.208984
4 10.123047
1 0.002197
6 1.975098
2 0.141846
6 2.181885
4 10.260010
3 1.521973
6 1.477051
4 10.121826
1 0.001953
1 0.000977
2 0.140869
6 1.964111
1 0.000977
1 0.000977
3 1.591064
5 0.000977
3 1.525879
4 10.226807
5 0.001221
6 1.490967
4 10.114990
3 1.488037
4 10.118896
3 1.474121
4 10.234131
2 0.179932
1 0.000977
5 0.000000
4 10.130859
3 1.557129
2 0.193115
6 2.784180
6 1.081787
7 10.566895
3 1.531006
4 10.131104
6 1.340088
2 0.139893
6 9.587158
5 0.000000
3 1.201904
1 0.001953
6 6.729980
1 0.001953
2 0.113037
5 0.001221
2 0.117920
6 2.361084
2 0.129883
4 10.117188
4 10.099121
3 0.577148
6 1.578857
2 0.055908
4 10.093018
4 10.219971
1 0.000977
4 10.170898
5 0.000977
4 10.215088
1 0.002197
2 0.092041
4 10.125000
4 10.275879
7 18.500000
4 10.120850
3 5.765869
4 10.112061
3 1.514160
3 1.368164
5 0.000977
1 0.003174
6 1.812988
1 0.001953
4 10.111084
6 1.249023
5 0.000977
1 0.001953
2 0.141113
2 0.144043
2 0.125000
2 0.203857
6 2.520020
3 1.693115
6 1.329102
1 0.001953
4 10.125977
6 1.070068
3 1.416016
5 0.000977
5 0.000000
6 1.287109
5 0.000977
5 0.000000
1 0.002197
4 10.112061
5 0.000977
4 10.162109
2 0.138916
2 0.142822
3 1.438965
3 1.444824
1 0.000977
4 10.208984
6 2.712891
4 10.220947
6 1.119141
2 0.151123
7 9.215088
2 0.141113
4 10.268066
6 2.735107
2 0.198975
3 1.495850
6 2.104004
2 0.130859
4 10.126953
2 0.141113
3 1.489990
3 1.493896
4 10.118896
3 1.433105
6 2.899170
3 1.567139
3 1.458008
1 0.002930
2 0.130127
1 0.000977
3 1.485107
6 2.307861
1 0.000977
5 0.000977
5 0.000000
5 0.000000
6 1.070801
6 1.083984
5 0.000000
5 0.000000
3 1.019043
4 10.156006
1 0.001953
1 0.000977
2 0.158203
1 0.000977
6 2.056152
4 10.106934
2 0.140137
4 10.291016
6 2.040039
6 1.075928
2 0.141113
1 0.000977
2 0.120850
3 1.745117
1 0.001221
3 1.656006
3 1.576904
1 0.000977
5 0.000977
4 10.111084
5 0.000977
7 12.958984
3 1.478027
3 1.373047
2 0.126953
2 0.206055
5 0.000977
4 10.135986
2 0.188965
6 3.757080
1 0.001953
3 1.653809
1 0.000977
4 10.256836
1 0.001953
5 0.000977
6 1.321045
6 1.113037
3 1.426025
5 0.000977
1 0.001953
5 0.000000
4 10.111084
1 0.000977
6 1.314941
6 1.097900
3 1.489014
5 0.000977
3 1.374023
5 0.000977
1 0.001221
3 1.365967
1 0.000000
1 0.000000
4 10.111084
4 10.133057
1 0.001953
2 0.136963
3 1.485840
4 10.147949
3 8.826172
1 0.054199
5 0.000977
3 1.392822
3 1.337891
4 10.140869
7 16.659180
3 1.416992
1 0.000977
6 2.655029
2 0.373047
1 0.001953
3 1.491943
2 0.200928
6 2.645020
1 0.001221
1 0.000977
1 0.000977
3 1.602051
4 10.095947
5 0.000977
6 1.305908
5 0.000977
1 0.000977
2 0.138916
4 10.151123
5 0.000977
5 0.000000
5 0.000000
6 1.964111
4 10.135010
1 0.003906
5 0.000000
1 0.000977
1 0.000000
2 0.176025
2 0.121094
4 10.270020
1 0.001953
5 0.000977
2 0.156982
6 5.123047
5 0.000977
3 1.419922
6 1.353027
2 0.140137
5 0.000977
1 0.002197
6 1.949951
3 1.325928
5 0.000000
3 0.816895
2 0.082031
6 1.649902
1 0.000977
6 1.112061
6 1.159912
2 0.090820
2 0.073975
6 2.031982
3 1.183838
3 0.822021
5 0.000000
5 0.000000
6 1.318115
6 1.152100
5 0.000977
1 0.000977
6 1.162842
5 0.000977
6 1.207031
6 1.240967
2 0.120117
4 10.224121
3 0.956787
6 1.745850
6 1.113037
3 1.051025
2 0.088867
5 0.000000
6 1.731934
3 1.189941
5 0.001221
7 5.239990
6 1.239990
1 0.002197
2 0.125000
1 0.000000
3 1.436035
3 1.281006
2 0.108887
4 10.102051
6 2.716064
1 0.001953
6 1.092041
4 10.233154
3 1.612061
5 0.000977
1 0.000977
3 1.526123
3 1.496094
3 1.418213
6 1.628906
4 10.141113
6 1.153076
3 1.589844
5 0.000977
2 0.132080
4 10.164062
5 0.000000
4 10.147949
5 0.000977
2 0.138916
3 1.545166
6 2.637939
3 1.520020
4 10.097900
5 0.000977
1 0.003906
3 1.510986
3 1.414062
5 0.064209
1 0.000977
1 0.001221
6 1.562012
4 10.275879
6 1.130127
7 17.056885
2 0.144043
5 0.001221
4 10.239014
4 10.195068
6 1.981934
3 1.604004
4 10.221191
1 0.004883
1 0.000977
3 1.350098
3 1.309082
2 0.129883
6 2.304932
3 1.646973
5 0.000000
2 0.128906
5 0.000000
2 0.117920
4 10.204834
4 10.286133
2 0.138916
6 2.804932
4 10.096924
3 16.427002
4 10.198975
7 3.813965
3 1.414062
1 0.002930
4 10.200195
3 1.406006
6 1.603027
2 0.140137
4 10.187012
5 0.000000
6 1.914062
5 0.000977
1 0.000977
5 0.000977
6 1.109131
4 10.221924
4 10.094971
5 0.001221
6 1.187012
5 0.000977
2 0.142090
3 1.401123
4 10.218018
2 0.139160
3 1.406006
5 0.000977
5 0.000977
1 0.000977
4 10.300781
2 0.140869
4 10.292969
3 1.612061
2 0.128174
6 3.458984
3 1.719971
4 10.188965
7 3.872070
5 0.000977
1 0.000977
5 0.000000
6 1.255859
6 1.156006
1 0.001953
3 1.666016
6 1.291992
4 10.210938
5 0.000000
6 1.133057
1 0.001953
5 0.000977
3 1.526855
4 10.308838
3 1.532959
3 1.470947
6 1.643066
3 1.541016
1 0.001953
1 0.000977
4 10.223877
3 1.354980
2 0.129883
5 0.000977
5 0.000000
2 0.121094
1 0.000977
5 0.000000
5 0.000000
1 0.000000
2 0.119873
6 3.096924
1 0.002197
2 0.206055
3 1.671875
5 0.000000
3 1.327881
6 2.000000
3 1.409180
4 10.247070
5 0.000977
6 1.464844
2 0.142090
1 0.000977
2 0.119873
4 10.224854
4 10.195068
6 2.599121
3 1.542969
5 0.000977
3 1.312012
6 1.362061
4 10.175049
1 0.001953
3 0.964844
5 0.000000
1 0.000977
6 1.264893
2 0.067871
1 0.000000
4 10.212891
7 15.580078
5 0.000000
3 0.536133
5 0.000000
6 1.562012
4 10.173828
3 0.533936
4 10.226074
5 0.001221
4 10.209961
6 1.357910
5 0.000977
5 0.000977
5 0.000000
6 1.173828
2 0.103027
1 0.001953
3 0.501953
2 0.058105
2 0.041992
4 10.172119
2 0.115967
2 0.099121
5 0.000977
1 0.001953
4 10.255859
6 3.265137
5 0.000977
6 1.094971
5 0.000977
5 0.000000
2 0.144043
1 0.001953
1 0.000000
4 10.111816
2 0.145020
1 0.001953
3 19.816162
5 0.000977
6 2.836914
1 0.001953
1 0.000977
3 1.537109
3 1.431152
4 10.111084
1 0.001953
4 10.187988
3 1.446045
7 15.420166
5 0.001221
6 1.543945
4 10.113037
2 0.143066
3 1.494141
2 0.269043
2 0.126953
1 0.000977
1 0.000977
3 1.434082
3 1.489014
1 0.000977
4 10.096924
6 3.194824
5 0.000000
2 0.141113
6 1.674072
6 1.095947
2 0.198975
6 1.903076
4 10.094971
4 10.124023
4 10.097900
3 1.653076
2 0.201904
1 0.002930
2 0.122070
6 2.785156
1 0.001953
4 10.125977
3 1.746094
2 0.187988
2 0.121094
5 0.000977
3 1.563965
2 0.239990
3 1.594971
5 0.000977
3 1.520020
6 3.215088
3 1.776123
6 1.237061
3 1.594971
5 0.000977
5 0.000000
5 0.000000
1 0.000977
2 0.136963
4 10.083984
2 0.110107
5 0.000000
3 1.092041
6 2.932861
4 10.242920
3 1.499023
1 0.000977
1 0.000000
4 10.113037
4 10.263916
4 10.131104
7 13.182129
1 0.002197
3 1.415039
1 0.001221
5 0.000977
6 1.404053
5 0.000000
3 1.595947
4 10.110107
4 10.118164
4 10.110840
5 0.000977
2 0.144043
1 0.000977
1 0.000977
1 0.000000
6 2.302002
6 1.075928
2 0.162109
1 0.002197
2 0.124023
4 10.110107
3 1.440918
3 1.438965
1 0.001221
6 2.782959
1 0.020020
2 0.208984
1 0.000977
5 0.000000
3 1.564941
5 0.000000
1 0.000000
3 1.448975
3 1.359863
4 10.213867
4 10.115967
2 0.155029
6 2.873779
4 10.110840
2 0.146973
3 13.666992
1 0.002930
4 10.115234
7 3.731934
3 1.410889
1 0.001953
3 1.365967
6 2.423096
4 10.146973
5 0.000977
5 0.000000
6 1.181885
4 10.195068
4 10.196045
4 10.238037
5 0.000977
6 1.185791
3 1.379150
3 1.388916
3 1.332031
6 1.550049
2 0.146240
4 10.229004
4 10.099121
1 0.004883
4 10.096924
6 1.966797
1 0.001953
4 10.252930
5 0.000977
6 1.082031
2 0.095947
6 1.711182
3 0.918945
5 0.000977
3 0.915039
3 0.894043
3 0.924805
7 15.960938
6 1.553955
2 0.145996
1 0.001953
6 1.825928
2 0.147217
3 1.544922
5 0.000000
2 0.128906
5 0.000000
5 0.000000
3 1.367920
6 2.545898
3 1.367920
1 0.001953
3 1.381104
1 0.001221
3 1.316895
3 1.320801
4 10.187012
2 0.145996
5 0.000977
4 10.291016
2 0.146973
1 0.000977
6 2.633057
4 10.265137
6 1.222900
5 0.000977
5 0.000977
2 0.145996
5 0.000000
3 1.494141
3 1.401123
2 0.128174
5 0.000000
5 0.000000
2 0.124023
3 1.366943
3 1.428955
3 1.344971
4 10.195801
1 0.001953
4 10.149170
4 10.111816
6 3.570801
6 1.104980
6 1.077881
4 10.106934
6 1.106934
1 0.001953
2 0.143799
2 0.142822
1 0.000977
7 14.583984
3 1.446777
1 0.000977
2 0.200928
4 10.139160
3 1.441895
6 3.257080
1 0.001953
5 0.000000
1 0.000977
3 1.696045
5 0.000000
3 1.427979
3 1.346924
1 0.000977
1 0.000000
5 0.000000
1 0.000977
2 0.142822
3 1.386963
5 0.000000
3 1.004883
2 0.085938
3 0.921143
2 0.137939
1 0.000000
3 0.916016
4 10.130127
6 3.041992
4 10.111084
1 0.001953
1 0.000977
3 12.465088
3 1.347900
3 1.431885
2 0.132812
5 0.000000
6 2.327881
6 1.072998
3 1.436035
5 0.000977
3 1.296143
5 0.000000
4 10.133057
2 0.145020
