4 10.090088
1 0.000977
1 0.000977
5 0.000977
4 10.092041
3 0.512939
3 0.461914
3 0.481934
3 0.459961
4 10.088867
1 0.000977
6 1.262939
6 1.078125
1 0.000977
5 0.000000
5 0.000000
1 0.000000
5 0.000977
5 0.000000
4 10.092041
4 10.095947
2 0.069092
6 1.397949
2 0.052979
6 1.364990
2 0.052979
2 0.041992
5 0.000000
2 0.056152
3 0.508057
1 0.000977
3 0.470947
4 10.081055
6 1.749023
3 0.524170
1 0.000977
4 10.109131
6 1.184082
1 0.001221
6 1.083008
3 0.486084
5 0.000000
1 0.000000
6 1.230957
4 10.168213
2 0.055908
5 0.000000
6 1.485840
6 4.243896
5 0.000000
3 0.573975
5 0.000000
5 0.000000
2 0.046875
7 6.226074
4 10.076172
2 0.057861
1 0.000977
3 0.502930
4 10.173096
3 0.516113
6 1.746094
5 0.000977
4 10.091064
2 0.057129
6 1.482910
5 0.000000
5 0.000000
6 1.168945
2 0.057129
4 10.176025
6 1.510010
4 10.168945
6 1.165039
1 0.001221
2 0.055908
2 0.041992
5 0.000977
2 0.041016
3 0.512939
5 0.000000
3 0.464111
5 0.000000
3 0.467041
1 0.000977
6 1.845947
1 0.001953
1 0.000000
4 10.203857
1 0.001953
3 0.574951
3 0.504883
6 1.347168
6 1.158936
5 0.000000
2 0.058838
2 0.043945
5 0.000000
3 0.533936
4 10.202148
3 0.531006
1 0.000977
3 0.482910
3 0.492188
2 0.048828
3 0.565186
6 2.136963
2 0.105957
3 0.818115
5 0.000000
3 0.812012
4 10.271973
5 0.000977
6 2.055176
4 10.226074
5 0.000977
2 0.140869
1 0.000977
4 10.250977
5 0.000977
4 10.215088
4 12.547852
3 1.411865
3 1.341064
4 10.103027
6 1.682129
3 0.854004
4 10.087891
1 0.003174
4 10.156982
7 9.089844
2 0.114990
1 0.000977
3 16.685059
1 0.001953
2 0.130127
1 0.000000
5 0.001221
2 0.118896
5 0.000000
3 1.360840
3 1.357910
4 10.235840
1 0.002197
2 0.139893
5 0.000000
6 3.154053
3 1.436035
4 10.220947
5 0.001221
4 10.204102
5 0.000977
4 10.215088
2 0.137939
1 0.000977
5 0.000000
2 0.121826
2 0.117920
1 0.000977
1 0.000000
5 0.000000
1 0.000977
5 0.000000
1 0.000977
4 10.234863
4 10.207031
1 0.001953
1 0.000000
3 1.468018
1 0.000977
3 1.333984
4 10.218018
3 1.366943
2 0.131104
2 0.143066
3 1.384033
5 0.000977
1 0.000977
5 0.000000
7 18.146240
1 0.001953
3 1.360107
1 0.000000
5 0.001221
3 1.375000
5 0.000000
4 10.205078
4 10.200195
4 10.099854
2 0.142822
1 0.001953
6 3.049072
5 0.000977
2 0.194092
3 1.511963
1 0.000977
6 1.812988
3 1.362793
1 0.000977
6 1.206055
6 1.154053
5 0.001221
3 1.482910
5 0.000000
2 0.132080
1 0.001953
2 0.118896
3 1.462158
3 1.336182
4 10.094971
3 1.546143
1 0.000977
4 10.241943
1 0.000977
3 1.370850
5 0.000000
1 0.000977
2 0.130127
1 0.000977
2 0.121094
3 1.500977
5 0.000977
4 10.238037
2 0.143066
1 0.000977
4 10.235840
3 1.476807
3 1.333984
6 3.808105
7 3.724854
6 1.074951
2 0.140869
1 0.000977
1 0.000000
5 0.001221
6 1.832031
6 1.090088
3 1.432861
6 1.447998
2 0.139893
3 1.507080
2 0.124023
6 2.581055
4 10.187012
4 10.225830
3 1.414062
5 0.000000
5 0.000000
5 0.000000
3 1.408203
2 0.127930
3 1.354980
4 10.240967
2 0.139893
6 2.801025
2 0.251953
3 1.527832
3 1.503906
1 0.002930
6 2.597900
5 0.000977
1 0.000977
2 0.203125
2 0.135010
4 10.093994
5 0.000977
3 0.967041
6 2.243896
6 1.062988
1 0.000000
6 1.059082
6 1.099121
6 1.091064
2 0.069092
6 1.611084
3 0.694092
3 0.708008
6 1.244873
6 1.084961
2 0.070068
6 1.531982
2 0.125977
1 0.000977
5 0.000977
3 1.041992
6 1.762939
1 0.000977
2 0.090820
3 0.976807
5 0.000977
5 0.000000
3 0.883057
2 0.118164
5 0.000977
5 0.000000
3 0.839111
5 0.000000
4 10.124023
6 2.864014
6 1.074951
6 1.079834
2 0.140869
1 0.001953
5 0.000000
5 0.001221
6 1.973877
1 0.001953
7 16.982910
5 0.000977
3 15.938965
6 1.403809
5 0.000977
2 0.139893
2 0.137939
2 0.120117
5 0.000000
5 0.000977
5 0.000000
1 0.000977
2 0.120117
6 3.536865
6 1.071045
4 10.342041
6 1.110107
4 10.251953
2 0.140137
4 10.131104
6 2.160889
1 0.001953
3 1.729004
1 0.001221
4 10.260986
4 10.107910
3 1.441895
4 10.149902
3 1.467041
1 0.000977
3 1.443115
2 0.145020
1 0.000977
2 0.118896
5 0.001221
5 0.000000
1 0.000977
2 0.119141
2 0.148926
5 0.000977
5 0.000000
6 3.514160
5 0.000977
6 1.089111
2 0.196777
5 0.000977
5 0.000000
2 0.136230
1 0.000977
3 1.864014
7 18.588867
4 10.096924
3 1.592041
5 0.000977
4 10.112061
2 0.143066
1 0.000977
4 10.116943
1 0.001953
4 10.096924
1 0.001953
4 10.115967
3 1.507080
3 1.482910
6 3.044189
3 1.574951
2 0.187988
5 0.000000
3 1.569824
6 2.266113
6 1.063965
6 1.091797
3 1.048096
2 0.088135
2 0.080078
1 0.000000
3 1.048096
1 0.000000
6 2.439941
2 0.096924
1 0.000977
2 0.078857
4 10.189941
6 2.358887
6 1.092041
4 10.098877
1 0.000977
3 1.406006
6 1.254883
5 0.000977
1 0.000977
6 1.177979
5 0.000977
2 0.139160
6 1.938965
5 0.000977
1 0.001953
5 0.000977
5 0.000000
2 0.186035
6 1.808838
6 1.068115
2 0.140137
6 1.958984
7 13.384033
4 10.210938
2 0.141113
1 0.002197
4 10.191895
3 1.465820
3 1.325928
1 0.001221
4 10.197021
4 10.234131
3 1.416992
2 0.135010
1 0.000977
3 1.370117
3 1.321045
3 1.338135
2 0.125000
6 3.097900
4 10.178955
3 1.267090
2 0.125000
1 0.000977
5 0.000000
4 10.197021
5 0.000977
5 0.000977
5 0.000000
4 10.230957
3 6.888916
1 0.000977
4 10.194092
2 0.141113
7 3.854004
3 1.477051
1 0.000977
2 0.131104
5 0.000000
4 10.226074
4 10.321045
3 1.614990
3 1.488037
4 10.197021
6 2.861084
4 10.142822
2 0.155029
6 1.966064
3 1.476807
4 10.217041
5 0.000977
4 10.235840
4 10.123047
1 0.005127
3 1.523193
4 10.413086
6 3.595947
6 1.081055
4 10.106934
2 0.092041
6 1.565918
5 0.001221
4 10.233887
6 1.239990
4 10.212891
3 1.408936
1 0.002930
4 10.197021
2 0.138916
3 1.386963
6 2.163086
7 16.255859
4 10.235840
6 1.188965
1 0.000977
1 0.000977
6 1.218994
4 10.194092
1 0.001953
5 0.000000
2 0.139893
2 0.119141
6 2.539062
2 0.138916
2 0.118164
4 10.225098
4 10.190918
6 2.639160
2 0.195801
1 0.017090
5 0.000977
1 0.000977
2 0.152832
6 2.928955
4 10.117920
3 1.435059
5 0.000977
4 10.114014
1 0.001953
5 0.000977
6 1.463867
6 1.099121
2 0.159180
6 2.132080
5 0.000977
2 0.183105
5 0.000000
6 2.022949
5 0.000977
5 0.000977
5 0.000000
5 0.000000
2 0.158936
2 0.167969
2 0.178955
1 0.001953
3 1.625000
6 3.201904
5 0.000977
6 1.078857
5 0.000000
3 1.378906
4 10.229004
6 1.367920
4 10.189941
5 0.000977
1 0.000977
1 0.000977
2 0.138184
5 0.000000
3 1.395996
3 1.314941
1 0.000977
5 0.000000
4 10.194824
4 10.239990
1 0.001953
6 2.056152
2 0.138916
2 0.120117
5 0.000977
2 0.210205
2 0.142090
7 12.394043
5 0.000977
2 0.140869
6 3.401855
6 1.389160
5 0.010986
6 1.127930
6 1.246094
5 0.001953
6 1.067139
5 0.000000
4 10.094971
1 0.000977
6 1.087891
1 0.004883
2 0.142090
4 10.116943
6 1.998047
5 0.000977
1 0.000977
3 14.704102
5 0.000977
2 0.150146
3 1.467041
5 0.000000
1 0.000977
4 10.131104
5 0.000977
6 2.285156
5 0.000977
6 1.073975
3 1.617920
6 1.257812
1 0.001953
1 0.000977
2 0.158936
4 10.185059
3 1.714844
6 2.196045
5 0.000977
6 1.073975
4 10.093994
1 0.001953
5 0.000000
4 10.131104
3 1.486084
4 10.111084
2 0.138916
3 1.486084
3 1.406982
3 1.347900
6 2.274902
5 0.001221
7 16.657227
4 10.136963
5 0.000000
1 0.005127
5 0.000977
5 0.000000
2 0.136963
4 10.115967
4 10.276123
6 2.071045
2 0.391846
2 0.278076
3 1.439209
1 0.001953
2 0.190918
4 10.129150
1 0.000977
5 0.000977
3 1.442871
2 0.201904
6 3.344971
2 0.132080
5 0.000977
4 10.258057
2 0.239990
5 0.000977
6 2.710205
1 0.001953
5 0.000000
3 1.784912
2 0.188965
3 1.385010
5 0.000977
2 0.177979
6 2.797852
1 0.000977
1 0.000000
2 0.301025
1 0.000977
3 1.521973
3 1.399902
1 0.000977
4 10.291016
3 1.476074
1 0.000977
3 1.365967
5 0.000977
3 1.361084
1 0.000000
4 10.111084
6 2.422119
5 0.000977
6 1.069092
3 1.387939
4 10.120117
1 0.000977
7 6.460938
2 0.158936
1 0.000977
2 0.123047
3 1.480957
3 1.482910
6 2.678955
3 1.601074
5 0.000000
6 1.266113
4 10.124023
4 10.299072
1 0.002197
6 1.105957
2 0.138916
2 0.138916
5 0.000977
3 1.705078
5 0.000977
1 0.000977
4 10.203125
5 0.000977
1 0.000977
5 0.000000
6 2.160156
1 0.000977
4 10.093994
1 0.000977
5 0.000000
5 0.000000
2 0.073975
3 0.605957
1 0.000000
5 0.000000
3 0.613037
5 0.000000
6 1.600098
4 10.274170
6 1.100098
5 0.000977
1 0.000977
3 1.383057
3 1.367188
2 0.116943
2 0.107910
6 2.822021
6 1.076172
1 0.000977
2 0.218994
2 0.137939
3 1.667236
6 2.856934
3 1.700195
6 1.201904
5 0.000977
1 0.000977
4 10.131836
1 0.001953
3 11.361816
1 0.001221
7 13.969971
6 1.341064
2 0.215088
1 0.001953
4 10.106934
5 0.000000
1 0.002197
6 2.012939
4 10.156982
5 0.000977
2 0.139893
6 2.005859
2 0.174805
3 1.565918
5 0.000977
4 56.136963
2 0.131836
4 10.118896
4 10.349121
5 0.000977
5 0.000977
3 1.500977
3 1.459961
4 10.139160
1 0.005859
3 1.438965
1 0.001221
3 1.391846
6 3.119873
3 1.781982
1 0.001953
1 0.001221
4 10.113037
6 1.319824
3 1.604980
2 0.147949
6 2.044922
1 0.000977
6 1.070801
4 10.114014
1 0.000977
6 1.104980
1 0.001953
6 1.250000
2 0.145020
3 1.447021
6 2.294922
4 10.113037
5 0.000977
7 11.995850
4 10.260986
2 0.145020
4 10.241943
2 0.183838
3 1.447998
4 10.118164
2 0.209961
2 0.124023
5 0.000977
5 0.000000
2 0.122070
6 3.520020
5 0.000977
2 0.281006
3 1.656982
5 0.000000
3 1.631104
5 0.000000
1 0.001953
2 0.125000
6 3.202881
1 0.000977
4 10.195068
2 0.147949
3 1.441162
5 0.000977
4 10.135010
2 0.177002
3 1.450928
3 1.455078
1 0.000977
2 0.199951
6 3.100098
2 0.151855
2 0.119873
1 0.000977
4 10.093994
6 2.851074
4 10.155029
4 10.116943
3 1.511963
6 1.361084
4 62.056885
7 9.398926
3 16.781006
4 10.226074
3 1.391113
6 1.462891
6 1.102051
2 0.140137
5 0.001221
1 0.002930
2 0.117188
6 2.865967
6 1.070068
3 1.606934
2 0.203857
5 0.000977
5 0.000977
6 2.029053
3 1.641113
2 0.196045
3 1.343018
6 2.232910
6 1.099854
1 0.001953
5 0.000977
6 1.068848
3 1.362793
2 0.126953
5 0.000000
4 10.231934
3 1.400146
2 0.197998
1 0.000977
3 1.130127
6 2.252930
6 1.118896
1 0.000977
2 0.120117
5 0.000977
1 0.001221
2 0.078857
1 0.000000
3 0.931885
2 0.135010
1 0.000977
6 2.354004
5 0.001221
6 1.063965
4 10.181152
2 0.080078
2 0.052979
3 0.630859
1 0.000977
6 2.143799
4 10.163818
2 0.116211
4 10.115967
6 1.986816
4 10.226074
